1807
1890
1878
1721
1638
1590
1559
1536
1519
1506
1495
1487
1480
1474
1470
1466
1463
1461
1459
1457
1456
1455
436
1706
1826
1869
1725
1637
1588
1556
1533
1516
1503
1493
1484
1478
1472
1468
1465
1462
1459
1458
1456
1455
1454
398
1788
1877
1878
1722
1638
1590
1558
1535
1518
1505
1495
1486
1479
1474
1469
1466
1463
1461
1459
1457
1456
1455
439
1678
1810
1864
1726
1637
1588
1555
1533
1516
1503
1492
1484
1477
1472
1468
1464
1461
1459
1457
1456
1455
1454
395
1788
1877
1878
1722
1638
1590
1558
1535
1518
1505
1495
1486
1479
1474
1469
1466
1463
1461
1459
1457
1456
1455
439
1678
1810
1864
1726
1637
1588
1555
1533
1516
1503
1492
1484
1477
1472
1468
1464
1461
1459
1457
1456
1455
1454
395
1788
1877
1878
1722
1638
1590
1558
1535
1518
1505
1495
1486
1479
1474
1469
1466
1463
1461
1459
1457
1456
1455
439
1678
1810
1864
1726
1637
1588
1555
1533
1516
1503
1492
1484
1477
1472
1468
1464
1461
1459
1457
1456
1455
1454
395
1788
1877
1878
1722
1638
1590
1558
1535
1518
1505
1495
1486
1479
1474
1469
1466
1463
1461
1459
1457
1456
1455
439
1678
1810
1864
1726
1637
1588
1555
1533
1516
1503
1492
1484
1477
1472
1468
1464
1461
1459
1457
1456
1455
1454
395
1788
1877
1878
1722
1638
1590
1558
1535
1518
1505
1495
1486
1479
1474
1469
1466
1463
1461
1459
1457
1456
1455
439
1678
1810
1864
1726
1637
1588
1555
1533
1516
1503
1492
1484
1477
1472
1468
1464
1461
1459
1457
1456
1455
1454
395
1788
1877
1878
1722
1638
1590
1558
1535
1518
1505
1495
1486
1479
1474
1469
1466
1463
1461
1459
1457
1456
1455
439
1678
1810
1864
1726
1637
1588
1555
1533
1516
1503
1492
1484
1477
1472
1468
1464
1461
1459
1457
1456
1455
1454
395
1788
1877
1878
1722
1638
1590
1558
1535
1518
1505
1495
1486
1479
1474
1469
1466
1463
1461
1459
1457
1456
1455
439
1678
1810
1864
1726
1637
1588
1555
1533
1516
1503
1492
1484
1477
1472
1468
1464
1461
1459
1457
1456
1455
1454
395
1788
1877
1878
1722
1638
1590
1558
1535
1518
1505
1495
1486
1479
1474
1469
1466
1463
1461
1459
1457
1456
1455
439
1678
1810
1864
1726
1637
1588
1555
1533
1516
1503
1492
1484
1477
1472
1468
1464
1461
1459
1457
1456
1455
1454
395
1788
1877
1878
1722
1638
1590
1558
1535
1518
1505
1495
1486
1479
1474
1469
1466
1463
1461
1459
1457
1456
1455
439
1678
1810
1864
1726
1637
1588
1555
1533
1516
1503
1492
1484
1477
1472
1468
1464
1461
1459
1457
1456
1455
1454
395
1788
1877
1878
1722
1638
1590
1558
1535
1518
1505
1495
1486
1479
1474
1469
1466
1463
1461
1459
1457
1456
1455
439
1678
1810
1864
1726
1637
1588
1555
1533
1516
1503
1492
1484
1477
1472
1468
1464
1461
1459
1457
1456
1455
1454
395
1788
1877
1878
1722
1638
1590
1558
1535
1518
1505
1495
1486
1479
1474
1469
1466
1463
1461
1459
1457
1456
1455
439
1678
1810
1864
1726
1637
1588
1555
1533
1516
1503
1492
1484
1477
1472
1468
1464
1461
1459
1457
1456
1455
1454
395
1788
1877
1878
1722
1638
1590
1558
1535
1518
1505
1495
1486
1479
1474
1469
1466
1463
1461
1459
1457
1456
1455
439
1678
1810
1864
1726
1637
1588
1555
1533
1516
1503
1492
1484
1477
1472
1468
1464
1461
1459
1457
1456
1455
1454
395
1788
1877
1878
1722
1638
1590
1558
1535
1518
1505
1495
1486
1479
1474
1469
1466
1463
1461
1459
1457
1456
1455
439
1678
1810
1864
1726
1637
1588
1555
1533
1516
1503
1492
1484
1477
1472
1468
1464
1461
1459
1457
1456
1455
1454
395
1788
1877
1878
1722
1638
1590
1558
1535
1518
1505
1495
1486
1479
1474
1469
1466
1463
1461
1459
1457
1456
1455
439
1678
1810
1864
1726
1637
1588
1555
1533
1516
1503
1492
1484
1477
1472
1468
1464
1461
1459
1457
1456
1455
1454
395
1788
1877
1878
1722
1638
1590
1558
1535
1518
1505
1495
1486
1479
1474
1469
1466
1463
1461
1459
1457
1456
1455
439
1678
1810
1864
1726
1637
1588
1555
1533
1516
1503
1492
1484
1477
1472
1468
1464
1461
1459
1457
1456
1455
1454
395
1788
1877
1878
1722
1638
1590
1558
1535
1518
1505
1495
1486
1479
1474
1469
1466
1463
1461
1459
1457
1456
1455
439
1678
1810
1864
1726
1637
1588
1555
1533
1516
1503
1492
1484
1477
1472
1468
1464
1461
1459
1457
1456
1455
1454
395
1788
1877
1878
1722
1638
1590
1558
1535
1518
1505
1495
1486
1479
1474
1469
1466
1463
1461
1459
1457
1456
1455
439
1678
1810
1864
1726
1637
1588
1555
1533
1516
1503
1492
1484
1477
1472
1468
1464
1461
1459
1457
1456
1455
1454
395
1788
1877
1878
1722
1638
1590
1558
1535
1518
1505
1495
1486
1479
1474
1469
1466
1463
1461
1459
1457
1456
1455
439
1678
1810
1864
1726
1637
1588
1555
1533
1516
1503
1492
1484
1477
1472
1468
1464
1461
1459
1457
1456
1455
1454
395
1788
1877
1878
1722
1638
1590
1558
1535
1518
1505
1495
1486
1479
1474
1469
1466
1463
1461
1459
1457
1456
1455
439
1678
1810
1864
1726
1637
1588
1555
1533
1516
1503
1492
1484
1477
1472
1468
1464
1461
1459
1457
1456
1455
1454
395
1788
1877
1878
1722
1638
1590
1558
1535
1518
1505
1495
1486
1479
1474
1469
1466
1463
1461
1459
1457
1456
1455
439
1678
1810
1864
1726
1637
1588
1555
1533
1516
1503
1492
1484
1477
1472
1468
1464
1461
1459
1457
1456
1455
1454
395
1788
1877
1878
1722
1638
1590
1558
1535
1518
1505
1495
1486
1479
1474
1469
1466
1463
1461
1459
1457
1456
1455
439
1678
1810
1864
1726
1637
1588
1555
1533
1516
1503
1492
1484
1477
1472
1468
1464
1461
1459
1457
1456
1455
1454
395
1788
1877
1878
1722
1638
1590
1558
1535
1518
1505
1495
1486
1479
1474
1469
1466
1463
1461
1459
1457
1456
1455
439
1678
1810
1864
1726
1637
1588
1555
1533
1516
1503
1492
1484
1477
1472
1468
1464
1461
1459
1457
1456
1455
1454
395
1788
1877
1878
1722
1638
1590
1558
1535
1518
1505
1495
1486
1479
1474
1469
1466
1463
1461
1459
1457
1456
1455
439
1678
1810
1864
1726
1637
1588
1555
1533
1516
1503
1492
1484
1477
1472
1468
1464
1461
1459
1457
1456
1455
1454
395
1788
1877
1878
1722
1638
1590
1558
1535
1518
1505
1495
1486
1479
1474
1469
1466
1463
1461
1459
1457
1456
1455
439
1678
1810
1864
1726
1637
1588
1555
1533
1516
1503
1492
1484
1477
1472
1468
1464
1461
1459
1457
1456
1455
1454
395
1788
1877
1878
1722
1638
1590
1558
1535
1518
1505
1495
1486
1479
1474
1469
1466
1463
1461
1459
1457
1456
1455
439
1678
1810
1864
1726
1637
1588
1555
1533
1516
1503
1492
1484
1477
1472
1468
1464
1461
1459
1457
1456
1455
1454
395
1788
1877
1878
1722
1638
1590
1558
1535
1518
1505
1495
1486
1479
1474
1469
1466
1463
1461
1459
1457
1456
1455
439
1678
1810
1864
1726
1637
1588
1555
1533
1516
1503
1492
1484
1477
1472
1468
1464
1461
1459
1457
1456
1455
1454
395
1788
1877
1878
1722
1638
1590
1558
1535
1518
1505
1495
1486
1479
1474
1469
1466
1463
1461
1459
1457
1456
1455
439
1678
1810
1864
1726
1637
1588
1555
1533
1516
1503
1492
1484
1477
1472
1468
1464
1461
1459
1457
1456
1455
1454
395
1788
1877
1878
1722
1638
1590
1558
1535
1518
1505
1495
1486
1479
1474
1469
1466
1463
1461
1459
1457
1456
1455
439
1678
1810
1864
1726
1637
1588
1555
1533
1516
1503
1492
1484
1477
1472
1468
1464
1461
1459
1457
1456
1455
1454
395
1788
1877
1878
1722
1638
1590
1558
1535
1518
1505
1495
1486
1479
1474
1469
1466
1463
1461
1459
1457
1456
1455
439
1678
1810
1864
1726
1637
1588
1555
1533
1516
1503
1492
1484
1477
1472
1468
1464
1461
1459
1457
1456
1455
1454
