245
247
249
251
253
255
258
260
262
265
267
269
272
274
277
279
282
284
287
289
292
294
297
299
302
304
306
308
310
313
315
317
320
322
325
327
330
332
334
337
339
342
344
347
349
352
354
357
363
365
367
369
371
373
375
378
380
382
385
387
389
392
394
397
399
402
404
407
409
412
414
417
419
422
424
426
428
430
433
435
437
440
442
445
447
449
452
454
457
459
462
464
467
469
472
474
477
479
483
485
487
489
491
493
495
498
500
503
505
507
510
512
515
517
520
522
525
527
530
532
535
537
542
544
546
548
550
553
555
557
560
562
564
567
569
572
574
576
579
581
584
586
589
591
594
596
599
603
605
607
609
611
613
615
618
620
622
625
627
630
632
634
637
639
642
644
647
649
652
654
657
659
662
664
666
668
671
673
675
677
680
682
685
687
690
692
695
697
699
702
704
707
709
712
714
717
723
725
727
729
731
733
735
738
740
742
745
747
749
752
754
757
759
762
764
767
769
772
774
777
779
782
784
786
788
790
793
795
797
800
802
805
807
809
812
814
817
819
822
824
827
829
832
834
837
839
843
845
847
849
851
853
855
858
860
863
865
867
870
872
875
877
880
882
885
887
890
892
895
897
902
904
906
908
910
913
915
917
920
922
924
927
929
932
934
936
939
941
944
946
949
951
954
956
959
963
965
967
969
971
973
975
978
980
982
985
987
990
992
994
997
999
1002
1004
1007
1009
1012
1014
1017
1019
1022
1024
1026
1028
1031
1033
1035
1037
1040
1042
1045
1047
1050
1052
1055
1057
1059
1062
1064
1067
1069
1072
1074
1077
1083
1085
1087
1089
1091
1093
1095
1098
1100
1102
1105
1107
1109
1112
1114
1117
1119
1122
1124
1127
1129
1132
1134
1137
1139
1142
1144
1146
1148
1150
1153
1155
1157
1160
1162
1165
1167
1169
1172
1174
1177
1179
1182
1184
1187
1189
1192
1194
1197
1199
1203
1205
1207
1209
1211
1213
1215
1218
1220
1223
1225
1227
1230
1232
1235
1237
1240
1242
1245
1247
1250
1252
1255
1257
1262
1264
1266
1268
1270
1273
1275
1277
1280
1282
1284
1287
1289
1292
1294
1296
1299
1301
1304
1306
1309
1311
1314
1316
1319
1323
1325
1327
1329
1331
1333
1335
1338
1340
1342
1345
1347
1350
1352
1354
1357
1359
1362
1364
1367
1369
1372
1374
1377
1379
1382
1384
1386
1388
1391
1393
1395
1397
1400
1402
1405
1407
1410
1412
1415
1417
1419
1422
1424
1427
1429
1432
1434
1437
1443
1445
1447
1449
1451
1453
1455
1458
1460
1462
1465
1467
1469
1472
1474
1477
1479
1482
1484
1487
1489
1492
1494
1497
1499
1502
1504
1506
1508
1510
1513
1515
1517
1520
1522
1525
1527
1529
1532
1534
1537
1539
1542
1544
1547
1549
1552
1554
1557
1559
1563
1565
1567
1569
1571
1573
1575
1578
1580
1583
1585
1587
1590
1592
1595
1597
1600
1602
1605
1607
1610
1612
1615
1617
1622
1624
1626
1628
1630
1633
1635
1637
1640
1642
1644
1647
1649
1652
1654
1656
1659
1661
1664
1666
1669
1671
1674
1676
1679
1683
1685
1687
1689
1691
1693
1695
1698
1700
1702
1705
1707
1710
1712
1714
1717
1719
1722
1724
1727
1729
1732
1734
1737
1739
1742
1744
1746
1748
1751
1753
1755
1757
1760
1762
1765
1767
1770
1772
1775
1777
1779
1782
1784
1787
1789
1792
1794
1797
1803
1805
1807
1809
1811
1813
1815
1818
1820
1822
1825
1827
1829
1832
1834
1837
1839
1842
1844
1847
1849
1852
1854
1857
1859
1862
1864
1866
1868
1870
1873
1875
1877
1880
1882
1885
1887
1889
1892
1894
1897
1899
1902
1904
1907
1909
1912
1914
1917
1919
1923
1925
1927
1929
1931
1933
1935
1938
1940
1943
1945
1947
1950
1952
1955
1957
1960
1962
1965
1967
1970
1972
1975
1977
1982
1984
1986
1988
1990
1993
1995
1997
2000
2002
2004
2007
2009
2012
2014
2016
2019
2021
2024
2026
2029
2031
2034
2036
2039
2043
2045
2047
2049
2051
2053
2055
2058
2060
2062
2065
2067
2070
2072
2074
2077
2079
2082
2084
2087
2089
2092
2094
2097
2099
2102
2104
2106
2108
2111
2113
2115
2117
2120
2122
2125
2127
2130
2132
2135
2137
2139
2142
2144
2147
2149
2152
2154
2157
2163
2165
2167
2169
2171
2173
2175
2178
2180
2182
2185
2187
2189
2192
2194
2197
2199
2202
2204
2207
2209
2212
2214
2217
2219
2222
2224
2226
2228
2230
2233
2235
2237
2240
2242
2245
2247
2249
2252
2254
2257
2259
2262
2264
2267
2269
2272
2274
2277
2279
2283
2285
2287
2289
2291
2293
2295
2298
2300
2303
2305
2307
2310
2312
2315
2317
2320
2322
2325
2327
2330
2332
2335
2337
2342
2344
2346
2348
2350
2353
2355
2357
2360
2362
2364
2367
2369
2372
2374
2376
2379
2381
2384
2386
2389
2391
2394
2396
2399
2403
2405
2407
2409
2411
2413
2415
2418
2420
2422
2425
2427
2430
2432
2434
2437
2439
2442
2444
2447
2449
2452
2454
2457
2459
2462
2464
2466
2468
2471
2473
2475
2477
2480
2482
2485
2487
2490
2492
2495
2497
2499
2502
2504
2507
2509
2512
2514
2517
2523
2525
2527
2529
2531
2533
2535
2538
2540
2542
2545
2547
2549
2552
2554
2557
2559
2562
2564
2567
2569
2572
2574
2577
2579
2582
2584
2586
2588
2590
2593
2595
2597
2600
2602
2605
2607
2609
2612
2614
2617
2619
2622
2624
2627
2629
2632
2634
2637
2639
2643
2645
2647
2649
2651
2653
2655
2658
2660
2663
2665
2667
2670
2672
2675
2677
2680
2682
2685
2687
2690
2692
2695
2697
2702
2704
2706
2708
2710
2713
2715
2717
2720
2722
2724
2727
2729
2732
2734
2736
2739
2741
2744
2746
2749
2751
2754
2756
2759
2763
2765
2767
2769
2771
2773
2775
2778
2780
2782
2785
2787
2790
2792
2794
2797
2799
2802
2804
2807
2809
2812
2814
2817
2819
2822
2824
2826
2828
2831
2833
2835
2837
2840
2842
2845
2847
2850
2852
2855
2857
2859
2862
2864
2867
2869
2872
2874
2877
2883
2885
2887
2889
2891
2893
2895
2898
2900
2902
2905
2907
2909
2912
2914
2917
2919
2922
2924
2927
2929
2932
2934
2937
2939
2942
2944
2946
2948
2950
2953
2955
2957
2960
2962
2965
2967
2969
2972
2974
2977
2979
2982
2984
2987
2989
2992
2994
2997
2999
3003
3005
3007
3009
3011
3013
3015
3018
3020
3023
3025
3027
3030
3032
3035
3037
3040
3042
3045
3047
3050
3052
3055
3057
3062
3064
3066
3068
3070
3073
3075
3077
3080
3082
3084
3087
3089
3092
3094
3096
3099
3101
3104
3106
3109
3111
3114
3116
3119
3123
3125
3127
3129
3131
3133
3135
3138
3140
3142
3145
3147
3150
3152
3154
3157
3159
3162
3164
3167
3169
3172
3174
3177
3179
3182
3184
3186
3188
3191
3193
3195
3197
3200
3202
3205
3207
3210
3212
3215
3217
3219
3222
3224
3227
3229
3232
3234
3237
3243
3245
3247
3249
3251
3253
3255
3258
3260
3262
3265
3267
3269
3272
3274
3277
3279
3282
3284
3287
3289
3292
3294
3297
3299
3302
3304
3306
3308
3310
3313
3315
3317
3320
3322
3325
3327
3329
3332
3334
3337
3339
3342
3344
3347
3349
3352
3354
3357
3359
3363
3365
3367
3369
3371
3373
3375
3378
3380
3383
3385
3387
3390
3392
3395
3397
3400
3402
3405
3407
3410
3412
3415
3417
3422
3424
3426
3428
3430
3433
3435
3437
3440
3442
3444
3447
3449
3452
3454
3456
3459
3461
3464
3466
3469
3471
3474
3476
3479
3483
3485
3487
3489
3491
3493
3495
3498
3500
3502
3505
3507
3510
3512
3514
3517
3519
3522
3524
3527
3529
3532
3534
3537
3539
3542
3544
3546
3548
3551
3553
3555
3557
3560
3562
3565
3567
3570
3572
3575
3577
3579
3582
3584
3587
3589
3592
3594
3597
3603
3605
3607
3609
3611
3613
3615
3618
3620
3622
3625
3627
3629
3632
3634
3637
3639
3642
3644
3647
3649
3652
3654
3657
3659
3662
3664
3666
3668
3670
3673
3675
3677
3680
3682
3685
3687
3689
3692
3694
3697
3699
3702
3704
3707
3709
3712
3714
3717
3719
3723
3725
3727
3729
3731
3733
3735
3738
3740
3743
3745
3747
3750
3752
3755
3757
3760
3762
3765
3767
3770
3772
3775
3777
3782
3784
3786
3788
3790
3793
3795
3797
3800
3802
3804
3807
3809
3812
3814
3816
3819
3821
3824
3826
3829
3831
3834
3836
3839
