245
247
249
251
253
255
258
260
262
265
267
269
272
274
277
279
282
284
287
289
292
294
302
304
306
308
310
313
315
317
320
322
324
327
329
332
334
336
339
341
344
346
349
351
354
363
365
367
369
371
373
375
377
380
382
385
387
389
392
394
397
399
402
404
407
409
412
414
422
424
426
428
430
433
435
437
439
442
444
447
449
451
454
456
459
461
464
466
469
471
474
483
485
487
489
491
493
495
497
500
502
505
507
509
512
514
517
519
522
524
527
529
532
534
542
544
546
548
550
553
555
557
559
562
564
567
569
571
574
576
579
581
584
586
589
591
594
603
605
607
609
611
613
615
617
620
622
625
627
629
632
634
637
639
642
644
647
649
652
654
662
664
666
668
670
673
675
677
679
682
684
687
689
691
694
696
699
701
704
706
709
711
714
723
725
727
729
731
733
735
737
740
742
745
747
749
752
754
757
759
762
764
767
769
772
774
782
784
786
788
790
793
795
797
799
802
804
807
809
811
814
816
819
821
824
826
829
831
834
843
845
847
849
851
853
855
857
860
862
865
867
869
872
874
877
879
882
884
887
889
892
894
902
904
906
908
910
913
915
917
919
922
924
927
929
931
934
936
939
941
944
946
949
951
954
963
965
967
969
971
973
975
977
980
982
985
987
989
992
994
997
999
1002
1004
1007
1009
1012
1014
1022
1024
1026
1028
1030
1033
1035
1037
1039
1042
1044
1047
1049
1051
1054
1056
1059
1061
1064
1066
1069
1071
1074
1083
1085
1087
1089
1091
1093
1095
1097
1100
1102
1105
1107
1109
1112
1114
1117
1119
1122
1124
1127
1129
1132
1134
1142
1144
1146
1148
1150
1153
1155
1157
1159
1162
1164
1167
1169
1171
1174
1176
1179
1181
1184
1186
1189
1191
1194
1203
1205
1207
1209
1211
1213
1215
1217
1220
1222
1225
1227
1229
1232
1234
1237
1239
1242
1244
1247
1249
1252
1254
1262
1264
1266
1268
1270
1273
1275
1277
1279
1282
1284
1287
1289
1291
1294
1296
1299
1301
1304
1306
1309
1311
1314
1323
1325
1327
1329
1331
1333
1335
1337
1340
1342
1345
1347
1349
1352
1354
1357
1359
1362
1364
1367
1369
1372
1374
1382
1384
1386
1388
1390
1393
1395
1397
1399
1402
1404
1407
1409
1411
1414
1416
1419
1421
1424
1426
1429
1431
1434
1443
1445
1447
1449
1451
1453
1455
1457
1460
1462
1465
1467
1469
1472
1474
1477
1479
1482
1484
1487
1489
1492
1494
1502
1504
1506
1508
1510
1513
1515
1517
1519
1522
1524
1527
1529
1531
1534
1536
1539
1541
1544
1546
1549
1551
1554
1563
1565
1567
1569
1571
1573
1575
1577
1580
1582
1585
1587
1589
1592
1594
1597
1599
1602
1604
1607
1609
1612
1614
1622
1624
1626
1628
1630
1633
1635
1637
1639
1642
1644
1647
1649
1651
1654
1656
1659
1661
1664
1666
1669
1671
1674
1683
1685
1687
1689
1691
1693
1695
1697
1700
1702
1705
1707
1709
1712
1714
1717
1719
1722
1724
1727
1729
1732
1734
1742
1744
1746
1748
1750
1753
1755
1757
1759
1762
1764
1767
1769
1771
1774
1776
1779
1781
1784
1786
1789
1791
1794
1803
1805
1807
1809
1811
1813
1815
1817
1820
1822
1825
1827
1829
1832
1834
1837
1839
1842
1844
1847
1849
1852
1854
1862
1864
1866
1868
1870
1873
1875
1877
1879
1882
1884
1887
1889
1891
1894
1896
1899
1901
1904
1906
1909
1911
1914
1923
1925
1927
1929
1931
1933
1935
1937
1940
1942
1945
1947
1949
1952
1954
1957
1959
1962
1964
1967
1969
1972
1974
1982
1984
1986
1988
1990
1993
1995
1997
1999
2002
2004
2007
2009
2011
2014
2016
2019
2021
2024
2026
2029
2031
2034
2043
2045
2047
2049
2051
2053
2055
2057
2060
2062
2065
2067
2069
2072
2074
2077
2079
2082
2084
2087
2089
2092
2094
2102
2104
2106
2108
2110
2113
2115
2117
2119
2122
2124
2127
2129
2131
2134
2136
2139
2141
2144
2146
2149
2151
2154
2163
2165
2167
2169
2171
2173
2175
2177
2180
2182
2185
2187
2189
2192
2194
2197
2199
2202
2204
2207
2209
2212
2214
2222
2224
2226
2228
2230
2233
2235
2237
2239
2242
2244
2247
2249
2251
2254
2256
2259
2261
2264
2266
2269
2271
2274
2283
2285
2287
2289
2291
2293
2295
2297
2300
2302
2305
2307
2309
2312
2314
2317
2319
2322
2324
2327
2329
2332
2334
2342
2344
2346
2348
2350
2353
2355
2357
2359
2362
2364
2367
2369
2371
2374
2376
2379
2381
2384
2386
2389
2391
2394
2403
2405
2407
2409
2411
2413
2415
2417
2420
2422
2425
2427
2429
2432
2434
2437
2439
2442
2444
2447
2449
2452
2454
2462
2464
2466
2468
2470
2473
2475
2477
2479
2482
2484
2487
2489
2491
2494
2496
2499
2501
2504
2506
2509
2511
2514
2523
2525
2527
2529
2531
2533
2535
2537
2540
2542
2545
2547
2549
2552
2554
2557
2559
2562
2564
2567
2569
2572
2574
2582
2584
2586
2588
2590
2593
2595
2597
2599
2602
2604
2607
2609
2611
2614
2616
2619
2621
2624
2626
2629
2631
2634
2643
2645
2647
2649
2651
2653
2655
2657
2660
2662
2665
2667
2669
2672
2674
2677
2679
2682
2684
2687
2689
2692
2694
2702
2704
2706
2708
2710
2713
2715
2717
2719
2722
2724
2727
2729
2731
2734
2736
2739
2741
2744
2746
2749
2751
2754
2763
2765
2767
2769
2771
2773
2775
2777
2780
2782
2785
2787
2789
2792
2794
2797
2799
2802
2804
2807
2809
2812
2814
2822
2824
2826
2828
2830
2833
2835
2837
2839
2842
2844
2847
2849
2851
2854
2856
2859
2861
2864
2866
2869
2871
2874
2883
2885
2887
2889
2891
2893
2895
2897
2900
2902
2905
2907
2909
2912
2914
2917
2919
2922
2924
2927
2929
2932
2934
2942
2944
2946
2948
2950
2953
2955
2957
2959
2962
2964
2967
2969
2971
2974
2976
2979
2981
2984
2986
2989
2991
2994
3003
3005
3007
3009
3011
3013
3015
3017
3020
3022
3025
3027
3029
3032
3034
3037
3039
3042
3044
3047
3049
3052
3054
3062
3064
3066
3068
3070
3073
3075
3077
3079
3082
3084
3087
3089
3091
3094
3096
3099
3101
3104
3106
3109
3111
3114
3123
3125
3127
3129
3131
3133
3135
3137
3140
3142
3145
3147
3149
3152
3154
3157
3159
3162
3164
3167
3169
3172
3174
3182
3184
3186
3188
3190
3193
3195
3197
3199
3202
3204
3207
3209
3211
3214
3216
3219
3221
3224
3226
3229
3231
3234
3243
3245
3247
3249
3251
3253
3255
3257
3260
3262
3265
3267
3269
3272
3274
3277
3279
3282
3284
3287
3289
3292
3294
3302
3304
3306
3308
3310
3313
3315
3317
3319
3322
3324
3327
3329
3331
3334
3336
3339
3341
3344
3346
3349
3351
3354
3363
3365
3367
3369
3371
3373
3375
3377
3380
3382
3385
3387
3389
3392
3394
3397
3399
3402
3404
3407
3409
3412
3414
3422
3424
3426
3428
3430
3433
3435
3437
3439
3442
3444
3447
3449
3451
3454
3456
3459
3461
3464
3466
3469
3471
3474
3483
3485
3487
3489
3491
3493
3495
3497
3500
3502
3505
3507
3509
3512
3514
3517
3519
3522
3524
3527
3529
3532
3534
3542
3544
3546
3548
3550
3553
3555
3557
3559
3562
3564
3567
3569
3571
3574
3576
3579
3581
3584
3586
3589
3591
3594
3603
3605
3607
3609
3611
3613
3615
3617
3620
3622
3625
3627
3629
3632
3634
3637
3639
3642
3644
3647
3649
3652
3654
3662
3664
3666
3668
3670
3673
3675
3677
3679
3682
3684
3687
3689
3691
3694
3696
3699
3701
3704
3706
3709
3711
3714
3723
3725
3727
3729
3731
3733
3735
3737
3740
3742
3745
3747
3749
3752
3754
3757
3759
3762
3764
3767
3769
3772
3774
3782
3784
3786
3788
3790
3793
3795
3797
3799
3802
3804
3807
3809
3811
3814
3816
3819
3821
3824
3826
3829
3831
3834
