1807
1890
1878
1721
1638
1590
1559
1536
1519
1506
1495
1487
1480
1474
1470
1466
1463
1461
1459
1457
1456
1455
1454
1454
1089
1706
1826
1852
1686
1599
1553
1525
1506
1493
1483
1476
1470
1465
1461
1459
1456
1455
1453
1452
1451
1451
1450
1450
584
1807
1890
1878
1721
1638
1590
1559
1536
1519
1506
1495
1487
1480
1474
1470
1466
1463
1461
1459
1457
1456
1455
1454
1454
1138
1678
1810
1843
1682
1595
1550
1522
1504
1491
1481
1474
1468
1464
1460
1458
1455
1454
1453
1452
1451
1450
1450
1450
1450
971
1807
1890
1849
1676
1595
1552
1525
1506
1493
1484
1476
1471
1466
1462
1460
1457
1456
1454
1453
1452
1452
1451
1451
691
1706
1826
1869
1725
1637
1588
1556
1533
1516
1503
1493
1484
1478
1472
1468
1465
1462
1459
1458
1456
1455
1454
1453
1453
883
1788
1877
1878
1722
1629
1576
1543
1521
1506
1494
1486
1478
1473
1468
1464
1462
1459
1457
1456
1455
1454
1453
1453
1452
1138
1706
1826
1832
1668
1587
1544
1518
1500
1488
1479
1472
1467
1463
1459
1457
1455
1453
1452
1451
1450
1450
1450
1449
598
1807
1890
1878
1721
1638
1590
1559
1536
1519
1506
1495
1487
1480
1474
1470
1466
1463
1461
1459
1457
1456
1455
1454
1454
1138
1678
1810
1843
1682
1595
1550
1522
1504
1491
1481
1474
1468
1464
1460
1458
1455
1454
1453
1452
1451
1450
1450
1450
1450
971
1807
1890
1849
1676
1595
1552
1525
1506
1493
1484
1476
1471
1466
1462
1460
1457
1456
1454
1453
1452
1452
1451
1451
691
1706
1826
1869
1725
1637
1588
1556
1533
1516
1503
1493
1484
1478
1472
1468
1465
1462
1459
1458
1456
1455
1454
1453
1453
883
1788
1877
1878
1722
1629
1576
1543
1521
1506
1494
1486
1478
1473
1468
1464
1462
1459
1457
1456
1455
1454
1453
1453
1452
1138
1706
1826
1832
1668
1587
1544
1518
1500
1488
1479
1472
1467
1463
1459
1457
1455
1453
1452
1451
1450
1450
1450
1449
598
1807
1890
1878
1721
1638
1590
1559
1536
1519
1506
1495
1487
1480
1474
1470
1466
1463
1461
1459
1457
1456
1455
1454
1454
1138
1678
1810
1843
1682
1595
1550
1522
1504
1491
1481
1474
1468
1464
1460
1458
1455
1454
1453
1452
1451
1450
1450
1450
1450
971
1807
1890
1849
1676
1595
1552
1525
1506
1493
1484
1476
1471
1466
1462
1460
1457
1456
1454
1453
1452
1452
1451
1451
691
1706
1826
1869
1725
1637
1588
1556
1533
1516
1503
1493
1484
1478
1472
1468
1465
1462
1459
1458
1456
1455
1454
1453
1453
883
1788
1877
1878
1722
1629
1576
1543
1521
1506
1494
1486
1478
1473
1468
1464
1462
1459
1457
1456
1455
1454
1453
1453
1452
1138
1706
1826
1832
1668
1587
1544
1518
1500
1488
1479
1472
1467
1463
1459
1457
1455
1453
1452
1451
1450
1450
1450
1449
598
1807
1890
1878
1721
1638
1590
1559
1536
1519
1506
1495
1487
1480
1474
1470
1466
1463
1461
1459
1457
1456
1455
1454
1454
1138
1678
1810
1843
1682
1595
1550
1522
1504
1491
1481
1474
1468
1464
1460
1458
1455
1454
1453
1452
1451
1450
1450
1450
1450
971
1807
1890
1849
1676
1595
1552
1525
1506
1493
1484
1476
1471
1466
1462
1460
1457
1456
1454
1453
1452
1452
1451
1451
691
1706
1826
1869
1725
1637
1588
1556
1533
1516
1503
1493
1484
1478
1472
1468
1465
1462
1459
1458
1456
1455
1454
1453
1453
883
1788
1877
1878
1722
1629
1576
1543
1521
1506
1494
1486
1478
1473
1468
1464
1462
1459
1457
1456
1455
1454
1453
1453
1452
1138
1706
1826
1832
1668
1587
1544
1518
1500
1488
1479
1472
1467
1463
1459
1457
1455
1453
1452
1451
1450
1450
1450
1449
598
1807
1890
1878
1721
1638
1590
1559
1536
1519
1506
1495
1487
1480
1474
1470
1466
1463
1461
1459
1457
1456
1455
1454
1454
1138
1678
1810
1843
1682
1595
1550
1522
1504
1491
1481
1474
1468
1464
1460
1458
1455
1454
1453
1452
1451
1450
1450
1450
1450
971
1807
1890
1849
1676
1595
1552
1525
1506
1493
1484
1476
1471
1466
1462
1460
1457
1456
1454
1453
1452
1452
1451
1451
691
1706
1826
1869
1725
1637
1588
1556
1533
1516
1503
1493
1484
1478
1472
1468
1465
1462
1459
1458
1456
1455
1454
1453
1453
883
1788
1877
1878
1722
1629
1576
1543
1521
1506
1494
1486
1478
1473
1468
1464
1462
1459
1457
1456
1455
1454
1453
1453
1452
1138
1706
1826
1832
1668
1587
1544
1518
1500
1488
1479
1472
1467
1463
1459
1457
1455
1453
1452
1451
1450
1450
1450
1449
598
1807
1890
1878
1721
1638
1590
1559
1536
1519
1506
1495
1487
1480
1474
1470
1466
1463
1461
1459
1457
1456
1455
1454
1454
1138
1678
1810
1843
1682
1595
1550
1522
1504
1491
1481
1474
1468
1464
1460
1458
1455
1454
1453
1452
1451
1450
1450
1450
1450
971
1807
1890
1849
1676
1595
1552
1525
1506
1493
1484
1476
1471
1466
1462
1460
1457
1456
1454
1453
1452
1452
1451
1451
691
1706
1826
1869
1725
1637
1588
1556
1533
1516
1503
1493
1484
1478
1472
1468
1465
1462
1459
1458
1456
1455
1454
1453
1453
883
1788
1877
1878
1722
1629
1576
1543
1521
1506
1494
1486
1478
1473
1468
1464
1462
1459
1457
1456
1455
1454
1453
1453
1452
1138
1706
1826
1832
1668
1587
1544
1518
1500
1488
1479
1472
1467
1463
1459
1457
1455
1453
1452
1451
1450
1450
1450
1449
598
1807
1890
1878
1721
1638
1590
1559
1536
1519
1506
1495
1487
1480
1474
1470
1466
1463
1461
1459
1457
1456
1455
1454
1454
1138
1678
1810
1843
1682
1595
1550
1522
1504
1491
1481
1474
1468
1464
1460
1458
1455
1454
1453
1452
1451
1450
1450
1450
1450
971
1807
1890
1849
1676
1595
1552
1525
1506
1493
1484
1476
1471
1466
1462
1460
1457
1456
1454
1453
1452
1452
1451
1451
691
1706
1826
1869
1725
1637
1588
1556
1533
1516
1503
1493
1484
1478
1472
1468
1465
1462
1459
1458
1456
1455
1454
1453
1453
883
1788
1877
1878
1722
1629
1576
1543
1521
1506
1494
1486
1478
1473
1468
1464
1462
1459
1457
1456
1455
1454
1453
1453
1452
1138
1706
1826
1832
1668
1587
1544
1518
1500
1488
1479
1472
1467
1463
1459
1457
1455
1453
1452
1451
1450
1450
1450
1449
598
1807
1890
1878
1721
1638
1590
1559
1536
1519
1506
1495
1487
1480
1474
1470
1466
1463
1461
1459
1457
1456
1455
1454
1454
1138
1678
1810
1843
1682
1595
1550
1522
1504
1491
1481
1474
1468
1464
1460
1458
1455
1454
1453
1452
1451
1450
1450
1450
1450
971
1807
1890
1849
1676
1595
1552
1525
1506
1493
1484
1476
1471
1466
1462
1460
1457
1456
1454
1453
1452
1452
1451
1451
691
1706
1826
1869
1725
1637
1588
1556
1533
1516
1503
1493
1484
1478
1472
1468
1465
1462
1459
1458
1456
1455
1454
1453
1453
883
1788
1877
1878
1722
1629
1576
1543
1521
1506
1494
1486
1478
1473
1468
1464
1462
1459
1457
1456
1455
1454
1453
1453
1452
1138
1706
1826
1832
1668
1587
1544
1518
1500
1488
1479
1472
1467
1463
1459
1457
1455
1453
1452
1451
1450
1450
1450
1449
598
1807
1890
1878
1721
1638
1590
1559
1536
1519
1506
1495
1487
1480
1474
1470
1466
1463
1461
1459
1457
1456
1455
1454
1454
1138
1678
1810
1843
1682
1595
1550
1522
1504
1491
1481
1474
1468
1464
1460
1458
1455
1454
1453
1452
1451
1450
1450
1450
1450
971
1807
1890
1849
1676
1595
1552
1525
1506
1493
1484
1476
1471
1466
1462
1460
1457
1456
1454
1453
1452
1452
1451
1451
691
1706
1826
1869
1725
1637
1588
1556
1533
1516
1503
1493
1484
1478
1472
1468
1465
1462
1459
1458
1456
1455
1454
1453
1453
883
1788
1877
1878
1722
1629
1576
1543
1521
1506
1494
1486
1478
1473
1468
1464
1462
1459
1457
1456
1455
1454
1453
1453
1452
1138
1706
1826
1832
1668
1587
1544
1518
1500
1488
1479
1472
1467
1463
1459
1457
1455
1453
1452
1451
1450
1450
1450
1449
598
1807
1890
1878
1721
1638
1590
1559
1536
1519
1506
1495
1487
1480
1474
1470
1466
1463
1461
1459
1457
1456
1455
1454
1454
1138
1678
1810
1843
1682
1595
1550
1522
1504
1491
1481
1474
1468
1464
1460
1458
1455
1454
1453
1452
1451
1450
1450
1450
1450
971
1807
1890
1849
1676
1595
1552
1525
1506
1493
1484
1476
1471
1466
1462
1460
1457
1456
1454
1453
1452
1452
1451
1451
691
1706
1826
1869
1725
1637
1588
1556
1533
1516
1503
1493
1484
1478
1472
1468
1465
1462
1459
1458
1456
1455
1454
1453
1453
