1807
1890
1878
1721
1638
1590
1559
1536
1519
1506
1495
1487
1480
1474
1470
1466
1463
1461
1459
1457
1456
1455
1454
1454
1089
1706
1826
1852
1686
1599
1553
1525
1506
1493
1483
1476
1470
1465
1461
1459
1456
1455
1453
1452
1451
1451
1450
1450
1450
1012
1788
1877
1841
1670
1591
1548
1522
1504
1491
1482
1475
1469
1465
1461
1459
1456
1455
1453
1452
1452
1451
1451
1450
1450
1343
1693
1818
1769
1623
1558
1523
1501
1487
1477
1470
1464
1460
1457
1454
1452
1451
1450
1449
1448
1448
1448
1448
1448
1448
1126
1807
1889
1769
1628
1564
1529
1507
1492
1481
1474
1468
1463
1460
1457
1455
1453
1452
1451
1450
1450
1449
1449
1449
1449
1410
1702
1824
1740
1607
1548
1516
1496
1483
1473
1467
1462
1458
1455
1453
1451
1450
1449
1448
1448
1447
1447
1447
1447
1447
1282
1807
1873
1709
1596
1543
1514
1495
1482
1473
1467
1462
1458
1455
1453
1452
1450
1449
1449
1448
1448
1448
1448
1448
1448
1407
1697
1822
1740
1606
1548
1516
1496
1482
1473
1466
1461
1458
1455
1452
1451
1449
1449
1448
1448
1447
1447
1447
1447
737
1807
1890
1878
1721
1638
1590
1559
1536
1519
1506
1495
1487
1480
1474
1470
1466
1463
1461
1459
1457
1456
1455
1454
1454
1138
1678
1810
1843
1682
1595
1550
1522
1504
1491
1481
1474
1468
1464
1460
1458
1455
1454
1453
1452
1451
1450
1450
1450
1450
1003
1788
1877
1843
1672
1592
1549
1522
1504
1492
1482
1475
1469
1465
1462
1459
1457
1455
1453
1452
1452
1451
1451
1450
1450
1371
1680
1811
1768
1622
1557
1522
1501
1486
1476
1469
1464
1460
1456
1454
1452
1450
1449
1449
1448
1448
1448
1448
1448
1448
1117
1807
1889
1772
1630
1565
1530
1507
1492
1482
1474
1468
1463
1460
1457
1455
1453
1452
1451
1450
1450
1449
1449
1449
1449
1402
1702
1824
1743
1608
1549
1517
1497
1483
1474
1467
1462
1458
1455
1453
1451
1450
1449
1448
1448
1447
1447
1447
1447
1448
1294
1807
1871
1705
1594
1542
1513
1494
1482
1473
1466
1462
1458
1455
1453
1451
1450
1449
1449
1448
1448
1448
1448
1448
1448
1397
1697
1822
1743
1608
1548
1516
1496
1483
1473
1467
1462
1458
1455
1453
1451
1450
1449
1448
1448
1447
1447
1447
1447
735
1807
1890
1878
1721
1638
1590
1559
1536
1519
1506
1495
1487
1480
1474
1470
1466
1463
1461
1459
1457
1456
1455
1454
1454
1138
1678
1810
1843
1682
1595
1550
1522
1504
1491
1481
1474
1468
1464
1460
1458
1455
1454
1453
1452
1451
1450
1450
1450
1450
1003
1788
1877
1843
1672
1592
1549
1522
1504
1492
1482
1475
1469
1465
1462
1459
1457
1455
1453
1452
1452
1451
1451
1450
1450
1371
1680
1811
1768
1622
1557
1522
1501
1486
1476
1469
1464
1460
1456
1454
1452
1450
1449
1449
1448
1448
1448
1448
1448
1448
1117
1807
1889
1772
1630
1565
1530
1507
1492
1482
1474
1468
1463
1460
1457
1455
1453
1452
1451
1450
1450
1449
1449
1449
1449
1402
1702
1824
1743
1608
1549
1517
1497
1483
1474
1467
1462
1458
1455
1453
1451
1450
1449
1448
1448
1447
1447
1447
1447
1448
1294
1807
1871
1705
1594
1542
1513
1494
1482
1473
1466
1462
1458
1455
1453
1451
1450
1449
1449
1448
1448
1448
1448
1448
1448
1397
1697
1822
1743
1608
1548
1516
1496
1483
1473
1467
1462
1458
1455
1453
1451
1450
1449
1448
1448
1447
1447
1447
1447
735
1807
1890
1878
1721
1638
1590
1559
1536
1519
1506
1495
1487
1480
1474
1470
1466
1463
1461
1459
1457
1456
1455
1454
1454
1138
1678
1810
1843
1682
1595
1550
1522
1504
1491
1481
1474
1468
1464
1460
1458
1455
1454
1453
1452
1451
1450
1450
1450
1450
1003
1788
1877
1843
1672
1592
1549
1522
1504
1492
1482
1475
1469
1465
1462
1459
1457
1455
1453
1452
1452
1451
1451
1450
1450
1371
1680
1811
1768
1622
1557
1522
1501
1486
1476
1469
1464
1460
1456
1454
1452
1450
1449
1449
1448
1448
1448
1448
1448
1448
1117
1807
1889
1772
1630
1565
1530
1507
1492
1482
1474
1468
1463
1460
1457
1455
1453
1452
1451
1450
1450
1449
1449
1449
1449
1402
1702
1824
1743
1608
1549
1517
1497
1483
1474
1467
1462
1458
1455
1453
1451
1450
1449
1448
1448
1447
1447
1447
1447
1448
1294
1807
1871
1705
1594
1542
1513
1494
1482
1473
1466
1462
1458
1455
1453
1451
1450
1449
1449
1448
1448
1448
1448
1448
1448
1397
1697
1822
1743
1608
1548
1516
1496
1483
1473
1467
1462
1458
1455
1453
1451
1450
1449
1448
1448
1447
1447
1447
1447
735
1807
1890
1878
1721
1638
1590
1559
1536
1519
1506
1495
1487
1480
1474
1470
1466
1463
1461
1459
1457
1456
1455
1454
1454
1138
1678
1810
1843
1682
1595
1550
1522
1504
1491
1481
1474
1468
1464
1460
1458
1455
1454
1453
1452
1451
1450
1450
1450
1450
1003
1788
1877
1843
1672
1592
1549
1522
1504
1492
1482
1475
1469
1465
1462
1459
1457
1455
1453
1452
1452
1451
1451
1450
1450
1371
1680
1811
1768
1622
1557
1522
1501
1486
1476
1469
1464
1460
1456
1454
1452
1450
1449
1449
1448
1448
1448
1448
1448
1448
1117
1807
1889
1772
1630
1565
1530
1507
1492
1482
1474
1468
1463
1460
1457
1455
1453
1452
1451
1450
1450
1449
1449
1449
1449
1402
1702
1824
1743
1608
1549
1517
1497
1483
1474
1467
1462
1458
1455
1453
1451
1450
1449
1448
1448
1447
1447
1447
1447
1448
1294
1807
1871
1705
1594
1542
1513
1494
1482
1473
1466
1462
1458
1455
1453
1451
1450
1449
1449
1448
1448
1448
1448
1448
1448
1397
1697
1822
1743
1608
1548
1516
1496
1483
1473
1467
1462
1458
1455
1453
1451
1450
1449
1448
1448
1447
1447
1447
1447
735
1807
1890
1878
1721
1638
1590
1559
1536
1519
1506
1495
1487
1480
1474
1470
1466
1463
1461
1459
1457
1456
1455
1454
1454
1138
1678
1810
1843
1682
1595
1550
1522
1504
1491
1481
1474
1468
1464
1460
1458
1455
1454
1453
1452
1451
1450
1450
1450
1450
1003
1788
1877
1843
1672
1592
1549
1522
1504
1492
1482
1475
1469
1465
1462
1459
1457
1455
1453
1452
1452
1451
1451
1450
1450
1371
1680
1811
1768
1622
1557
1522
1501
1486
1476
1469
1464
1460
1456
1454
1452
1450
1449
1449
1448
1448
1448
1448
1448
1448
1117
1807
1889
1772
1630
1565
1530
1507
1492
1482
1474
1468
1463
1460
1457
1455
1453
1452
1451
1450
1450
1449
1449
1449
1449
1402
1702
1824
1743
1608
1549
1517
1497
1483
1474
1467
1462
1458
1455
1453
1451
1450
1449
1448
1448
1447
1447
1447
1447
1448
1294
1807
1871
1705
1594
1542
1513
1494
1482
1473
1466
1462
1458
1455
1453
1451
1450
1449
1449
1448
1448
1448
1448
1448
1448
1397
1697
1822
1743
1608
1548
1516
1496
1483
1473
1467
1462
1458
1455
1453
1451
1450
1449
1448
1448
1447
1447
1447
1447
735
1807
1890
1878
1721
1638
1590
1559
1536
1519
1506
1495
1487
1480
1474
1470
1466
1463
1461
1459
1457
1456
1455
1454
1454
1138
1678
1810
1843
1682
1595
1550
1522
1504
1491
1481
1474
1468
1464
1460
1458
1455
1454
1453
1452
1451
1450
1450
1450
1450
1003
1788
1877
1843
1672
1592
1549
1522
1504
1492
1482
1475
1469
1465
1462
1459
1457
1455
1453
1452
1452
1451
1451
1450
1450
1371
1680
1811
1768
1622
1557
1522
1501
1486
1476
1469
1464
1460
1456
1454
1452
1450
1449
1449
1448
1448
1448
1448
1448
1448
1117
1807
1889
1772
1630
1565
1530
1507
1492
1482
1474
1468
1463
1460
1457
1455
1453
1452
1451
1450
1450
1449
1449
1449
1449
1402
1702
1824
1743
1608
1549
1517
1497
1483
1474
1467
1462
1458
1455
1453
1451
1450
1449
1448
1448
1447
1447
1447
1447
1448
1294
1807
1871
1705
1594
1542
1513
1494
1482
1473
1466
1462
1458
1455
1453
1451
1450
1449
1449
1448
1448
1448
1448
1448
1448
1397
1697
1822
1743
1608
1548
1516
1496
1483
1473
1467
1462
1458
1455
1453
1451
1450
1449
1448
1448
1447
1447
1447
1447
735
1807
1890
1878
1721
1638
1590
1559
1536
1519
1506
1495
1487
1480
1474
1470
1466
1463
1461
1459
1457
1456
1455
1454
1454
1138
1678
1810
1843
1682
1595
1550
1522
1504
1491
1481
1474
1468
1464
1460
1458
1455
1454
1453
1452
1451
1450
1450
1450
1450
1003
1788
1877
1843
1672
1592
1549
1522
1504
1492
1482
1475
1469
1465
1462
1459
1457
1455
1453
1452
1452
1451
1451
1450
1450
1371
1680
1811
1768
1622
1557
1522
1501
1486
1476
1469
1464
1460
1456
1454
1452
1450
1449
1449
1448
1448
1448
1448
1448
