1228
1316
1380
1428
1467
1498
1499
1491
1483
1477
1471
1466
1462
1459
1457
1454
1453
1452
1451
1450
396
1150
1266
1343
1400
1445
1480
1490
1484
1478
1472
1467
1463
1459
1456
1454
1452
1451
1450
1449
1449
355
1213
1306
1372
1422
1462
1494
1497
1490
1482
1476
1470
1466
1462
1458
1456
1454
1452
1451
1450
1450
403
1128
1253
1334
1393
1439
1476
1488
1483
1477
1471
1466
1462
1459
1456
1453
1452
1450
1449
1449
1448
352
1213
1306
1372
1422
1462
1494
1497
1490
1482
1476
1470
1466
1462
1458
1456
1454
1452
1451
1450
1450
403
1128
1253
1334
1393
1439
1476
1488
1483
1477
1471
1466
1462
1459
1456
1453
1452
1450
1449
1449
1448
352
1213
1306
1372
1422
1462
1494
1497
1490
1482
1476
1470
1466
1462
1458
1456
1454
1452
1451
1450
1450
403
1128
1253
1334
1393
1439
1476
1488
1483
1477
1471
1466
1462
1459
1456
1453
1452
1450
1449
1449
1448
352
1213
1306
1372
1422
1462
1494
1497
1490
1482
1476
1470
1466
1462
1458
1456
1454
1452
1451
1450
1450
403
1128
1253
1334
1393
1439
1476
1488
1483
1477
1471
1466
1462
1459
1456
1453
1452
1450
1449
1449
1448
352
1213
1306
1372
1422
1462
1494
1497
1490
1482
1476
1470
1466
1462
1458
1456
1454
1452
1451
1450
1450
403
1128
1253
1334
1393
1439
1476
1488
1483
1477
1471
1466
1462
1459
1456
1453
1452
1450
1449
1449
1448
352
1213
1306
1372
1422
1462
1494
1497
1490
1482
1476
1470
1466
1462
1458
1456
1454
1452
1451
1450
1450
403
1128
1253
1334
1393
1439
1476
1488
1483
1477
1471
1466
1462
1459
1456
1453
1452
1450
1449
1449
1448
352
1213
1306
1372
1422
1462
1494
1497
1490
1482
1476
1470
1466
1462
1458
1456
1454
1452
1451
1450
1450
403
1128
1253
1334
1393
1439
1476
1488
1483
1477
1471
1466
1462
1459
1456
1453
1452
1450
1449
1449
1448
352
1213
1306
1372
1422
1462
1494
1497
1490
1482
1476
1470
1466
1462
1458
1456
1454
1452
1451
1450
1450
403
1128
1253
1334
1393
1439
1476
1488
1483
1477
1471
1466
1462
1459
1456
1453
1452
1450
1449
1449
1448
352
1213
1306
1372
1422
1462
1494
1497
1490
1482
1476
1470
1466
1462
1458
1456
1454
1452
1451
1450
1450
403
1128
1253
1334
1393
1439
1476
1488
1483
1477
1471
1466
1462
1459
1456
1453
1452
1450
1449
1449
1448
352
1213
1306
1372
1422
1462
1494
1497
1490
1482
1476
1470
1466
1462
1458
1456
1454
1452
1451
1450
1450
403
1128
1253
1334
1393
1439
1476
1488
1483
1477
1471
1466
1462
1459
1456
1453
1452
1450
1449
1449
1448
352
1213
1306
1372
1422
1462
1494
1497
1490
1482
1476
1470
1466
1462
1458
1456
1454
1452
1451
1450
1450
403
1128
1253
1334
1393
1439
1476
1488
1483
1477
1471
1466
1462
1459
1456
1453
1452
1450
1449
1449
1448
352
1213
1306
1372
1422
1462
1494
1497
1490
1482
1476
1470
1466
1462
1458
1456
1454
1452
1451
1450
1450
403
1128
1253
1334
1393
1439
1476
1488
1483
1477
1471
1466
1462
1459
1456
1453
1452
1450
1449
1449
1448
352
1213
1306
1372
1422
1462
1494
1497
1490
1482
1476
1470
1466
1462
1458
1456
1454
1452
1451
1450
1450
403
1128
1253
1334
1393
1439
1476
1488
1483
1477
1471
1466
1462
1459
1456
1453
1452
1450
1449
1449
1448
352
1213
1306
1372
1422
1462
1494
1497
1490
1482
1476
1470
1466
1462
1458
1456
1454
1452
1451
1450
1450
403
1128
1253
1334
1393
1439
1476
1488
1483
1477
1471
1466
1462
1459
1456
1453
1452
1450
1449
1449
1448
352
1213
1306
1372
1422
1462
1494
1497
1490
1482
1476
1470
1466
1462
1458
1456
1454
1452
1451
1450
1450
403
1128
1253
1334
1393
1439
1476
1488
1483
1477
1471
1466
1462
1459
1456
1453
1452
1450
1449
1449
1448
352
1213
1306
1372
1422
1462
1494
1497
1490
1482
1476
1470
1466
1462
1458
1456
1454
1452
1451
1450
1450
403
1128
1253
1334
1393
1439
1476
1488
1483
1477
1471
1466
1462
1459
1456
1453
1452
1450
1449
1449
1448
352
1213
1306
1372
1422
1462
1494
1497
1490
1482
1476
1470
1466
1462
1458
1456
1454
1452
1451
1450
1450
403
1128
1253
1334
1393
1439
1476
1488
1483
1477
1471
1466
1462
1459
1456
1453
1452
1450
1449
1449
1448
352
1213
1306
1372
1422
1462
1494
1497
1490
1482
1476
1470
1466
1462
1458
1456
1454
1452
1451
1450
1450
403
1128
1253
1334
1393
1439
1476
1488
1483
1477
1471
1466
1462
1459
1456
1453
1452
1450
1449
1449
1448
352
1213
1306
1372
1422
1462
1494
1497
1490
1482
1476
1470
1466
1462
1458
1456
1454
1452
1451
1450
1450
403
1128
1253
1334
1393
1439
1476
1488
1483
1477
1471
1466
1462
1459
1456
1453
1452
1450
1449
1449
1448
352
1213
1306
1372
1422
1462
1494
1497
1490
1482
1476
1470
1466
1462
1458
1456
1454
1452
1451
1450
1450
403
1128
1253
1334
1393
1439
1476
1488
1483
1477
1471
1466
1462
1459
1456
1453
1452
1450
1449
1449
1448
352
1213
1306
1372
1422
1462
1494
1497
1490
1482
1476
1470
1466
1462
1458
1456
1454
1452
1451
1450
1450
403
1128
1253
1334
1393
1439
1476
1488
1483
1477
1471
1466
1462
1459
1456
1453
1452
1450
1449
1449
1448
352
1213
1306
1372
1422
1462
1494
1497
1490
1482
1476
1470
1466
1462
1458
1456
1454
1452
1451
1450
1450
403
1128
1253
1334
1393
1439
1476
1488
1483
1477
1471
1466
1462
1459
1456
1453
1452
1450
1449
1449
1448
352
1213
1306
1372
1422
1462
1494
1497
1490
1482
1476
1470
1466
1462
1458
1456
1454
1452
1451
1450
1450
403
1128
1253
1334
1393
1439
1476
1488
1483
1477
1471
1466
1462
1459
1456
1453
1452
1450
1449
1449
1448
352
1213
1306
1372
1422
1462
1494
1497
1490
1482
1476
1470
1466
1462
1458
1456
1454
1452
1451
1450
1450
403
1128
1253
1334
1393
1439
1476
1488
1483
1477
1471
1466
1462
1459
1456
1453
1452
1450
1449
1449
1448
352
1213
1306
1372
1422
1462
1494
1497
1490
1482
1476
1470
1466
1462
1458
1456
1454
1452
1451
1450
1450
403
1128
1253
1334
1393
1439
1476
1488
1483
1477
1471
1466
1462
1459
1456
1453
1452
1450
1449
1449
1448
352
1213
1306
1372
1422
1462
1494
1497
1490
1482
1476
1470
1466
1462
1458
1456
1454
1452
1451
1450
1450
403
1128
1253
1334
1393
1439
1476
1488
1483
1477
1471
1466
1462
1459
1456
1453
1452
1450
1449
1449
1448
352
1213
1306
1372
1422
1462
1494
1497
1490
1482
1476
1470
1466
1462
1458
1456
1454
1452
1451
1450
1450
403
1128
1253
1334
1393
1439
1476
1488
1483
1477
1471
1466
1462
1459
1456
1453
1452
1450
1449
1449
1448
352
1213
1306
1372
1422
1462
1494
1497
1490
1482
1476
1470
1466
1462
1458
1456
1454
1452
1451
1450
1450
403
1128
1253
1334
1393
1439
1476
1488
1483
1477
1471
1466
1462
1459
1456
1453
1452
1450
1449
1449
1448
352
1213
1306
1372
1422
1462
1494
1497
1490
1482
1476
1470
1466
1462
1458
1456
1454
1452
1451
1450
1450
403
1128
1253
1334
1393
1439
1476
1488
1483
1477
1471
1466
1462
1459
1456
1453
1452
1450
1449
1449
1448
