1228
1316
1380
1428
1467
1498
1499
1491
1483
1477
1471
1466
1462
1459
1457
1454
1453
1452
1451
1450
1450
1449
876
1150
1266
1343
1400
1445
1480
1490
1484
1478
1472
1467
1463
1459
1456
1454
1452
1451
1450
1449
1449
1448
1448
673
1228
1316
1380
1428
1467
1498
1499
1491
1483
1477
1471
1466
1462
1459
1457
1454
1453
1452
1451
1450
1450
1449
876
1150
1266
1343
1400
1445
1480
1490
1484
1478
1472
1467
1463
1459
1456
1454
1452
1451
1450
1449
1449
1448
1448
673
1228
1316
1380
1428
1467
1498
1499
1491
1483
1477
1471
1466
1462
1459
1457
1454
1453
1452
1451
1450
1450
1449
876
1150
1266
1343
1400
1445
1480
1490
1484
1478
1472
1467
1463
1459
1456
1454
1452
1451
1450
1449
1449
1448
1448
673
1228
1316
1380
1428
1467
1498
1499
1491
1483
1477
1471
1466
1462
1459
1457
1454
1453
1452
1451
1450
1450
1449
876
1150
1266
1343
1400
1445
1480
1490
1484
1478
1472
1467
1463
1459
1456
1454
1452
1451
1450
1449
1449
1448
1448
673
1228
1316
1380
1428
1467
1498
1499
1491
1483
1477
1471
1466
1462
1459
1457
1454
1453
1452
1451
1450
1450
1449
876
1150
1266
1343
1400
1445
1480
1490
1484
1478
1472
1467
1463
1459
1456
1454
1452
1451
1450
1449
1449
1448
1448
673
1228
1316
1380
1428
1467
1498
1499
1491
1483
1477
1471
1466
1462
1459
1457
1454
1453
1452
1451
1450
1450
1449
876
1150
1266
1343
1400
1445
1480
1490
1484
1478
1472
1467
1463
1459
1456
1454
1452
1451
1450
1449
1449
1448
1448
673
1228
1316
1380
1428
1467
1498
1499
1491
1483
1477
1471
1466
1462
1459
1457
1454
1453
1452
1451
1450
1450
1449
876
1150
1266
1343
1400
1445
1480
1490
1484
1478
1472
1467
1463
1459
1456
1454
1452
1451
1450
1449
1449
1448
1448
673
1228
1316
1380
1428
1467
1498
1499
1491
1483
1477
1471
1466
1462
1459
1457
1454
1453
1452
1451
1450
1450
1449
876
1150
1266
1343
1400
1445
1480
1490
1484
1478
1472
1467
1463
1459
1456
1454
1452
1451
1450
1449
1449
1448
1448
673
1228
1316
1380
1428
1467
1498
1499
1491
1483
1477
1471
1466
1462
1459
1457
1454
1453
1452
1451
1450
1450
1449
876
1150
1266
1343
1400
1445
1480
1490
1484
1478
1472
1467
1463
1459
1456
1454
1452
1451
1450
1449
1449
1448
1448
673
1228
1316
1380
1428
1467
1498
1499
1491
1483
1477
1471
1466
1462
1459
1457
1454
1453
1452
1451
1450
1450
1449
876
1150
1266
1343
1400
1445
1480
1490
1484
1478
1472
1467
1463
1459
1456
1454
1452
1451
1450
1449
1449
1448
1448
673
1228
1316
1380
1428
1467
1498
1499
1491
1483
1477
1471
1466
1462
1459
1457
1454
1453
1452
1451
1450
1450
1449
876
1150
1266
1343
1400
1445
1480
1490
1484
1478
1472
1467
1463
1459
1456
1454
1452
1451
1450
1449
1449
1448
1448
673
1228
1316
1380
1428
1467
1498
1499
1491
1483
1477
1471
1466
1462
1459
1457
1454
1453
1452
1451
1450
1450
1449
876
1150
1266
1343
1400
1445
1480
1490
1484
1478
1472
1467
1463
1459
1456
1454
1452
1451
1450
1449
1449
1448
1448
673
1228
1316
1380
1428
1467
1498
1499
1491
1483
1477
1471
1466
1462
1459
1457
1454
1453
1452
1451
1450
1450
1449
876
1150
1266
1343
1400
1445
1480
1490
1484
1478
1472
1467
1463
1459
1456
1454
1452
1451
1450
1449
1449
1448
1448
673
1228
1316
1380
1428
1467
1498
1499
1491
1483
1477
1471
1466
1462
1459
1457
1454
1453
1452
1451
1450
1450
1449
876
1150
1266
1343
1400
1445
1480
1490
1484
1478
1472
1467
1463
1459
1456
1454
1452
1451
1450
1449
1449
1448
1448
673
1228
1316
1380
1428
1467
1498
1499
1491
1483
1477
1471
1466
1462
1459
1457
1454
1453
1452
1451
1450
1450
1449
876
1150
1266
1343
1400
1445
1480
1490
1484
1478
1472
1467
1463
1459
1456
1454
1452
1451
1450
1449
1449
1448
1448
673
1228
1316
1380
1428
1467
1498
1499
1491
1483
1477
1471
1466
1462
1459
1457
1454
1453
1452
1451
1450
1450
1449
876
1150
1266
1343
1400
1445
1480
1490
1484
1478
1472
1467
1463
1459
1456
1454
1452
1451
1450
1449
1449
1448
1448
673
1228
1316
1380
1428
1467
1498
1499
1491
1483
1477
1471
1466
1462
1459
1457
1454
1453
1452
1451
1450
1450
1449
876
1150
1266
1343
1400
1445
1480
1490
1484
1478
1472
1467
1463
1459
1456
1454
1452
1451
1450
1449
1449
1448
1448
673
1228
1316
1380
1428
1467
1498
1499
1491
1483
1477
1471
1466
1462
1459
1457
1454
1453
1452
1451
1450
1450
1449
876
1150
1266
1343
1400
1445
1480
1490
1484
1478
1472
1467
1463
1459
1456
1454
1452
1451
1450
1449
1449
1448
1448
673
1228
1316
1380
1428
1467
1498
1499
1491
1483
1477
1471
1466
1462
1459
1457
1454
1453
1452
1451
1450
1450
1449
876
1150
1266
1343
1400
1445
1480
1490
1484
1478
1472
1467
1463
1459
1456
1454
1452
1451
1450
1449
1449
1448
1448
673
1228
1316
1380
1428
1467
1498
1499
1491
1483
1477
1471
1466
1462
1459
1457
1454
1453
1452
1451
1450
1450
1449
876
1150
1266
1343
1400
1445
1480
1490
1484
1478
1472
1467
1463
1459
1456
1454
1452
1451
1450
1449
1449
1448
1448
673
1228
1316
1380
1428
1467
1498
1499
1491
1483
1477
1471
1466
1462
1459
1457
1454
1453
1452
1451
1450
1450
1449
876
1150
1266
1343
1400
1445
1480
1490
1484
1478
1472
1467
1463
1459
1456
1454
1452
1451
1450
1449
1449
1448
1448
673
1228
1316
1380
1428
1467
1498
1499
1491
1483
1477
1471
1466
1462
1459
1457
1454
1453
1452
1451
1450
1450
1449
876
1150
1266
1343
1400
1445
1480
1490
1484
1478
1472
1467
1463
1459
1456
1454
1452
1451
1450
1449
1449
1448
1448
673
1228
1316
1380
1428
1467
1498
1499
1491
1483
1477
1471
1466
1462
1459
1457
1454
1453
1452
1451
1450
1450
1449
876
1150
1266
1343
1400
1445
1480
1490
1484
1478
1472
1467
1463
1459
1456
1454
1452
1451
1450
1449
1449
1448
1448
673
1228
1316
1380
1428
1467
1498
1499
1491
1483
1477
1471
1466
1462
1459
1457
1454
1453
1452
1451
1450
1450
1449
876
1150
1266
1343
1400
1445
1480
1490
1484
1478
1472
1467
1463
1459
1456
1454
1452
1451
1450
1449
1449
1448
1448
673
1228
1316
1380
1428
1467
1498
1499
1491
1483
1477
1471
1466
1462
1459
1457
1454
1453
1452
1451
1450
1450
1449
876
1150
1266
1343
1400
1445
1480
1490
1484
1478
1472
1467
1463
1459
1456
1454
1452
1451
1450
1449
1449
1448
1448
673
1228
1316
1380
1428
1467
1498
1499
1491
1483
1477
1471
1466
1462
1459
1457
1454
1453
1452
1451
1450
1450
1449
876
1150
1266
1343
1400
1445
1480
1490
1484
1478
1472
1467
1463
1459
1456
1454
1452
1451
1450
1449
1449
1448
1448
673
1228
1316
1380
1428
1467
1498
1499
1491
1483
1477
1471
1466
1462
1459
1457
1454
1453
1452
1451
1450
1450
1449
876
1150
1266
1343
1400
1445
1480
1490
1484
1478
1472
1467
1463
1459
1456
1454
1452
1451
1450
1449
1449
1448
1448
673
1228
1316
1380
1428
1467
1498
1499
1491
1483
1477
1471
1466
1462
1459
1457
1454
1453
1452
1451
1450
1450
1449
876
1150
1266
1343
1400
1445
1480
1490
1484
1478
1472
1467
1463
1459
1456
1454
1452
1451
1450
1449
1449
1448
1448
673
1228
1316
1380
1428
1467
1498
1499
1491
1483
1477
1471
1466
1462
1459
1457
1454
1453
1452
1451
1450
1450
1449
876
1150
1266
1343
1400
1445
1480
1490
1484
1478
1472
1467
1463
1459
1456
1454
1452
1451
1450
1449
1449
1448
1448
673
1228
1316
1380
1428
1467
1498
1499
1491
1483
1477
1471
1466
1462
1459
1457
1454
1453
1452
1451
1450
1450
1449
876
1150
1266
1343
1400
1445
1480
1490
1484
1478
1472
1467
1463
1459
1456
1454
1452
1451
1450
1449
1449
1448
