248
251
253
256
258
261
263
265
268
270
273
275
278
280
283
285
287
290
292
295
297
304
307
310
313
315
318
320
323
325
327
330
332
335
337
340
342
345
347
350
352
355
357
365
368
370
373
376
378
380
383
385
388
390
393
395
398
400
402
405
407
410
412
415
417
424
427
430
433
435
438
440
442
445
447
450
452
455
457
460
462
465
467
470
472
475
477
485
488
490
493
496
498
500
503
505
508
510
513
515
518
520
522
525
527
530
532
535
537
544
547
550
553
555
558
560
562
565
567
570
572
575
577
580
582
585
587
590
592
595
597
605
608
610
613
616
618
620
623
625
628
630
633
635
638
640
642
645
647
650
652
655
657
664
667
670
673
675
678
680
682
685
687
690
692
695
697
700
702
705
707
710
712
715
717
725
728
730
733
736
738
740
743
745
748
750
753
755
758
760
762
765
767
770
772
775
777
784
787
790
793
795
798
800
802
805
807
810
812
815
817
820
822
825
827
830
832
835
837
845
848
850
853
856
858
860
863
865
868
870
873
875
878
880
882
885
887
890
892
895
897
904
907
910
913
915
918
920
922
925
927
930
932
935
937
940
942
945
947
950
952
955
957
965
968
970
973
976
978
980
983
985
988
990
993
995
998
1000
1002
1005
1007
1010
1012
1015
1017
1024
1027
1030
1033
1035
1038
1040
1042
1045
1047
1050
1052
1055
1057
1060
1062
1065
1067
1070
1072
1075
1077
1085
1088
1090
1093
1096
1098
1100
1103
1105
1108
1110
1113
1115
1118
1120
1122
1125
1127
1130
1132
1135
1137
1144
1147
1150
1153
1155
1158
1160
1162
1165
1167
1170
1172
1175
1177
1180
1182
1185
1187
1190
1192
1195
1197
1205
1208
1210
1213
1216
1218
1220
1223
1225
1228
1230
1233
1235
1238
1240
1242
1245
1247
1250
1252
1255
1257
1264
1267
1270
1273
1275
1278
1280
1282
1285
1287
1290
1292
1295
1297
1300
1302
1305
1307
1310
1312
1315
1317
1325
1328
1330
1333
1336
1338
1340
1343
1345
1348
1350
1353
1355
1358
1360
1362
1365
1367
1370
1372
1375
1377
1384
1387
1390
1393
1395
1398
1400
1402
1405
1407
1410
1412
1415
1417
1420
1422
1425
1427
1430
1432
1435
1437
1445
1448
1450
1453
1456
1458
1460
1463
1465
1468
1470
1473
1475
1478
1480
1482
1485
1487
1490
1492
1495
1497
1504
1507
1510
1513
1515
1518
1520
1522
1525
1527
1530
1532
1535
1537
1540
1542
1545
1547
1550
1552
1555
1557
1565
1568
1570
1573
1576
1578
1580
1583
1585
1588
1590
1593
1595
1598
1600
1602
1605
1607
1610
1612
1615
1617
1624
1627
1630
1633
1635
1638
1640
1642
1645
1647
1650
1652
1655
1657
1660
1662
1665
1667
1670
1672
1675
1677
1685
1688
1690
1693
1696
1698
1700
1703
1705
1708
1710
1713
1715
1718
1720
1722
1725
1727
1730
1732
1735
1737
1744
1747
1750
1753
1755
1758
1760
1762
1765
1767
1770
1772
1775
1777
1780
1782
1785
1787
1790
1792
1795
1797
1805
1808
1810
1813
1816
1818
1820
1823
1825
1828
1830
1833
1835
1838
1840
1842
1845
1847
1850
1852
1855
1857
1864
1867
1870
1873
1875
1878
1880
1882
1885
1887
1890
1892
1895
1897
1900
1902
1905
1907
1910
1912
1915
1917
1925
1928
1930
1933
1936
1938
1940
1943
1945
1948
1950
1953
1955
1958
1960
1962
1965
1967
1970
1972
1975
1977
1984
1987
1990
1993
1995
1998
2000
2002
2005
2007
2010
2012
2015
2017
2020
2022
2025
2027
2030
2032
2035
2037
2045
2048
2050
2053
2056
2058
2060
2063
2065
2068
2070
2073
2075
2078
2080
2082
2085
2087
2090
2092
2095
2097
2104
2107
2110
2113
2115
2118
2120
2122
2125
2127
2130
2132
2135
2137
2140
2142
2145
2147
2150
2152
2155
2157
2165
2168
2170
2173
2176
2178
2180
2183
2185
2188
2190
2193
2195
2198
2200
2202
2205
2207
2210
2212
2215
2217
2224
2227
2230
2233
2235
2238
2240
2242
2245
2247
2250
2252
2255
2257
2260
2262
2265
2267
2270
2272
2275
2277
2285
2288
2290
2293
2296
2298
2300
2303
2305
2308
2310
2313
2315
2318
2320
2322
2325
2327
2330
2332
2335
2337
2344
2347
2350
2353
2355
2358
2360
2362
2365
2367
2370
2372
2375
2377
2380
2382
2385
2387
2390
2392
2395
2397
2405
2408
2410
2413
2416
2418
2420
2423
2425
2428
2430
2433
2435
2438
2440
2442
2445
2447
2450
2452
2455
2457
2464
2467
2470
2473
2475
2478
2480
2482
2485
2487
2490
2492
2495
2497
2500
2502
2505
2507
2510
2512
2515
2517
2525
2528
2530
2533
2536
2538
2540
2543
2545
2548
2550
2553
2555
2558
2560
2562
2565
2567
2570
2572
2575
2577
2584
2587
2590
2593
2595
2598
2600
2602
2605
2607
2610
2612
2615
2617
2620
2622
2625
2627
2630
2632
2635
2637
2645
2648
2650
2653
2656
2658
2660
2663
2665
2668
2670
2673
2675
2678
2680
2682
2685
2687
2690
2692
2695
2697
2704
2707
2710
2713
2715
2718
2720
2722
2725
2727
2730
2732
2735
2737
2740
2742
2745
2747
2750
2752
2755
2757
2765
2768
2770
2773
2776
2778
2780
2783
2785
2788
2790
2793
2795
2798
2800
2802
2805
2807
2810
2812
2815
2817
2824
2827
2830
2833
2835
2838
2840
2842
2845
2847
2850
2852
2855
2857
2860
2862
2865
2867
2870
2872
2875
2877
2885
2888
2890
2893
2896
2898
2900
2903
2905
2908
2910
2913
2915
2918
2920
2922
2925
2927
2930
2932
2935
2937
2944
2947
2950
2953
2955
2958
2960
2962
2965
2967
2970
2972
2975
2977
2980
2982
2985
2987
2990
2992
2995
2997
3005
3008
3010
3013
3016
3018
3020
3023
3025
3028
3030
3033
3035
3038
3040
3042
3045
3047
3050
3052
3055
3057
3064
3067
3070
3073
3075
3078
3080
3082
3085
3087
3090
3092
3095
3097
3100
3102
3105
3107
3110
3112
3115
3117
3125
3128
3130
3133
3136
3138
3140
3143
3145
3148
3150
3153
3155
3158
3160
3162
3165
3167
3170
3172
3175
3177
3184
3187
3190
3193
3195
3198
3200
3202
3205
3207
3210
3212
3215
3217
3220
3222
3225
3227
3230
3232
3235
3237
3245
3248
3250
3253
3256
3258
3260
3263
3265
3268
3270
3273
3275
3278
3280
3282
3285
3287
3290
3292
3295
3297
3304
3307
3310
3313
3315
3318
3320
3322
3325
3327
3330
3332
3335
3337
3340
3342
3345
3347
3350
3352
3355
3357
3365
3368
3370
3373
3376
3378
3380
3383
3385
3388
3390
3393
3395
3398
3400
3402
3405
3407
3410
3412
3415
3417
3424
3427
3430
3433
3435
3438
3440
3442
3445
3447
3450
3452
3455
3457
3460
3462
3465
3467
3470
3472
3475
3477
3485
3488
3490
3493
3496
3498
3500
3503
3505
3508
3510
3513
3515
3518
3520
3522
3525
3527
3530
3532
3535
3537
3544
3547
3550
3553
3555
3558
3560
3562
3565
3567
3570
3572
3575
3577
3580
3582
3585
3587
3590
3592
3595
3597
3605
3608
3610
3613
3616
3618
3620
3623
3625
3628
3630
3633
3635
3638
3640
3642
3645
3647
3650
3652
3655
3657
3664
3667
3670
3673
3675
3678
3680
3682
3685
3687
3690
3692
3695
3697
3700
3702
3705
3707
3710
3712
3715
3717
3725
3728
3730
3733
3736
3738
3740
3743
3745
3748
3750
3753
3755
3758
3760
3762
3765
3767
3770
3772
3775
3777
3784
3787
3790
3793
3795
3798
3800
3802
3805
3807
3810
3812
3815
3817
3820
3822
3825
3827
3830
3832
3835
3837
