246
248
250
252
255
257
259
261
264
266
269
271
274
276
278
281
283
286
288
291
293
296
298
303
305
308
310
312
314
316
319
321
324
326
328
331
333
336
338
341
343
345
348
350
353
355
358
364
366
368
370
372
375
377
379
381
384
386
389
391
394
396
398
401
403
406
408
411
413
416
418
423
425
428
430
432
434
436
439
441
444
446
448
451
453
456
458
461
463
465
468
470
473
475
478
484
486
488
490
492
495
497
499
501
504
506
509
511
514
516
518
521
523
526
528
531
533
536
538
543
545
548
550
552
554
556
559
561
564
566
568
571
573
576
578
581
583
585
588
590
593
595
598
604
606
608
610
612
615
617
619
621
624
626
629
631
634
636
638
641
643
646
648
651
653
656
658
663
665
668
670
672
674
676
679
681
684
686
688
691
693
696
698
701
703
705
708
710
713
715
718
724
726
728
730
732
735
737
739
741
744
746
749
751
754
756
758
761
763
766
768
771
773
776
778
783
785
788
790
792
794
796
799
801
804
806
808
811
813
816
818
821
823
825
828
830
833
835
838
844
846
848
850
852
855
857
859
861
864
866
869
871
874
876
878
881
883
886
888
891
893
896
898
903
905
908
910
912
914
916
919
921
924
926
928
931
933
936
938
941
943
945
948
950
953
955
958
964
966
968
970
972
975
977
979
981
984
986
989
991
994
996
998
1001
1003
1006
1008
1011
1013
1016
1018
1023
1025
1028
1030
1032
1034
1036
1039
1041
1044
1046
1048
1051
1053
1056
1058
1061
1063
1065
1068
1070
1073
1075
1078
1084
1086
1088
1090
1092
1095
1097
1099
1101
1104
1106
1109
1111
1114
1116
1118
1121
1123
1126
1128
1131
1133
1136
1138
1143
1145
1148
1150
1152
1154
1156
1159
1161
1164
1166
1168
1171
1173
1176
1178
1181
1183
1185
1188
1190
1193
1195
1198
1204
1206
1208
1210
1212
1215
1217
1219
1221
1224
1226
1229
1231
1234
1236
1238
1241
1243
1246
1248
1251
1253
1256
1258
1263
1265
1268
1270
1272
1274
1276
1279
1281
1284
1286
1288
1291
1293
1296
1298
1301
1303
1305
1308
1310
1313
1315
1318
1324
1326
1328
1330
1332
1335
1337
1339
1341
1344
1346
1349
1351
1354
1356
1358
1361
1363
1366
1368
1371
1373
1376
1378
1383
1385
1388
1390
1392
1394
1396
1399
1401
1404
1406
1408
1411
1413
1416
1418
1421
1423
1425
1428
1430
1433
1435
1438
1444
1446
1448
1450
1452
1455
1457
1459
1461
1464
1466
1469
1471
1474
1476
1478
1481
1483
1486
1488
1491
1493
1496
1498
1503
1505
1508
1510
1512
1514
1516
1519
1521
1524
1526
1528
1531
1533
1536
1538
1541
1543
1545
1548
1550
1553
1555
1558
1564
1566
1568
1570
1572
1575
1577
1579
1581
1584
1586
1589
1591
1594
1596
1598
1601
1603
1606
1608
1611
1613
1616
1618
1623
1625
1628
1630
1632
1634
1636
1639
1641
1644
1646
1648
1651
1653
1656
1658
1661
1663
1665
1668
1670
1673
1675
1678
1684
1686
1688
1690
1692
1695
1697
1699
1701
1704
1706
1709
1711
1714
1716
1718
1721
1723
1726
1728
1731
1733
1736
1738
1743
1745
1748
1750
1752
1754
1756
1759
1761
1764
1766
1768
1771
1773
1776
1778
1781
1783
1785
1788
1790
1793
1795
1798
1804
1806
1808
1810
1812
1815
1817
1819
1821
1824
1826
1829
1831
1834
1836
1838
1841
1843
1846
1848
1851
1853
1856
1858
1863
1865
1868
1870
1872
1874
1876
1879
1881
1884
1886
1888
1891
1893
1896
1898
1901
1903
1905
1908
1910
1913
1915
1918
1924
1926
1928
1930
1932
1935
1937
1939
1941
1944
1946
1949
1951
1954
1956
1958
1961
1963
1966
1968
1971
1973
1976
1978
1983
1985
1988
1990
1992
1994
1996
1999
2001
2004
2006
2008
2011
2013
2016
2018
2021
2023
2025
2028
2030
2033
2035
2038
2044
2046
2048
2050
2052
2055
2057
2059
2061
2064
2066
2069
2071
2074
2076
2078
2081
2083
2086
2088
2091
2093
2096
2098
2103
2105
2108
2110
2112
2114
2116
2119
2121
2124
2126
2128
2131
2133
2136
2138
2141
2143
2145
2148
2150
2153
2155
2158
2164
2166
2168
2170
2172
2175
2177
2179
2181
2184
2186
2189
2191
2194
2196
2198
2201
2203
2206
2208
2211
2213
2216
2218
2223
2225
2228
2230
2232
2234
2236
2239
2241
2244
2246
2248
2251
2253
2256
2258
2261
2263
2265
2268
2270
2273
2275
2278
2284
2286
2288
2290
2292
2295
2297
2299
2301
2304
2306
2309
2311
2314
2316
2318
2321
2323
2326
2328
2331
2333
2336
2338
2343
2345
2348
2350
2352
2354
2356
2359
2361
2364
2366
2368
2371
2373
2376
2378
2381
2383
2385
2388
2390
2393
2395
2398
2404
2406
2408
2410
2412
2415
2417
2419
2421
2424
2426
2429
2431
2434
2436
2438
2441
2443
2446
2448
2451
2453
2456
2458
2463
2465
2468
2470
2472
2474
2476
2479
2481
2484
2486
2488
2491
2493
2496
2498
2501
2503
2505
2508
2510
2513
2515
2518
2524
2526
2528
2530
2532
2535
2537
2539
2541
2544
2546
2549
2551
2554
2556
2558
2561
2563
2566
2568
2571
2573
2576
2578
2583
2585
2588
2590
2592
2594
2596
2599
2601
2604
2606
2608
2611
2613
2616
2618
2621
2623
2625
2628
2630
2633
2635
2638
2644
2646
2648
2650
2652
2655
2657
2659
2661
2664
2666
2669
2671
2674
2676
2678
2681
2683
2686
2688
2691
2693
2696
2698
2703
2705
2708
2710
2712
2714
2716
2719
2721
2724
2726
2728
2731
2733
2736
2738
2741
2743
2745
2748
2750
2753
2755
2758
2764
2766
2768
2770
2772
2775
2777
2779
2781
2784
2786
2789
2791
2794
2796
2798
2801
2803
2806
2808
2811
2813
2816
2818
2823
2825
2828
2830
2832
2834
2836
2839
2841
2844
2846
2848
2851
2853
2856
2858
2861
2863
2865
2868
2870
2873
2875
2878
2884
2886
2888
2890
2892
2895
2897
2899
2901
2904
2906
2909
2911
2914
2916
2918
2921
2923
2926
2928
2931
2933
2936
2938
2943
2945
2948
2950
2952
2954
2956
2959
2961
2964
2966
2968
2971
2973
2976
2978
2981
2983
2985
2988
2990
2993
2995
2998
3004
3006
3008
3010
3012
3015
3017
3019
3021
3024
3026
3029
3031
3034
3036
3038
3041
3043
3046
3048
3051
3053
3056
3058
3063
3065
3068
3070
3072
3074
3076
3079
3081
3084
3086
3088
3091
3093
3096
3098
3101
3103
3105
3108
3110
3113
3115
3118
3124
3126
3128
3130
3132
3135
3137
3139
3141
3144
3146
3149
3151
3154
3156
3158
3161
3163
3166
3168
3171
3173
3176
3178
3183
3185
3188
3190
3192
3194
3196
3199
3201
3204
3206
3208
3211
3213
3216
3218
3221
3223
3225
3228
3230
3233
3235
3238
3244
3246
3248
3250
3252
3255
3257
3259
3261
3264
3266
3269
3271
3274
3276
3278
3281
3283
3286
3288
3291
3293
3296
3298
3303
3305
3308
3310
3312
3314
3316
3319
3321
3324
3326
3328
3331
3333
3336
3338
3341
3343
3345
3348
3350
3353
3355
3358
3364
3366
3368
3370
3372
3375
3377
3379
3381
3384
3386
3389
3391
3394
3396
3398
3401
3403
3406
3408
3411
3413
3416
3418
3423
3425
3428
3430
3432
3434
3436
3439
3441
3444
3446
3448
3451
3453
3456
3458
3461
3463
3465
3468
3470
3473
3475
3478
3484
3486
3488
3490
3492
3495
3497
3499
3501
3504
3506
3509
3511
3514
3516
3518
3521
3523
3526
3528
3531
3533
3536
3538
3543
3545
3548
3550
3552
3554
3556
3559
3561
3564
3566
3568
3571
3573
3576
3578
3581
3583
3585
3588
3590
3593
3595
3598
3604
3606
3608
3610
3612
3615
3617
3619
3621
3624
3626
3629
3631
3634
3636
3638
3641
3643
3646
3648
3651
3653
3656
3658
3663
3665
3668
3670
3672
3674
3676
3679
3681
3684
3686
3688
3691
3693
3696
3698
3701
3703
3705
3708
3710
3713
3715
3718
3724
3726
3728
3730
3732
3735
3737
3739
3741
3744
3746
3749
3751
3754
3756
3758
3761
3763
3766
3768
3771
3773
3776
3778
3783
3785
3788
3790
3792
3794
3796
3799
3801
3804
3806
3808
3811
3813
3816
3818
3821
3823
3825
3828
3830
3833
3835
3838
