1544
1628
1690
1699
1625
1580
1551
1530
1514
1502
1492
1484
1477
1472
1468
1465
1462
1460
1458
1456
1455
1454
1454
770
1454
1571
1650
1686
1622
1577
1547
1527
1511
1499
1489
1481
1475
1470
1466
1463
1460
1458
1456
1455
1454
1453
1453
634
1544
1628
1690
1699
1625
1580
1551
1530
1514
1502
1492
1484
1477
1472
1468
1465
1462
1460
1458
1456
1455
1454
1454
770
1454
1571
1650
1686
1622
1577
1547
1527
1511
1499
1489
1481
1475
1470
1466
1463
1460
1458
1456
1455
1454
1453
1453
634
1544
1628
1690
1699
1625
1580
1551
1530
1514
1502
1492
1484
1477
1472
1468
1465
1462
1460
1458
1456
1455
1454
1454
770
1454
1571
1650
1686
1622
1577
1547
1527
1511
1499
1489
1481
1475
1470
1466
1463
1460
1458
1456
1455
1454
1453
1453
634
1544
1628
1690
1699
1625
1580
1551
1530
1514
1502
1492
1484
1477
1472
1468
1465
1462
1460
1458
1456
1455
1454
1454
770
1454
1571
1650
1686
1622
1577
1547
1527
1511
1499
1489
1481
1475
1470
1466
1463
1460
1458
1456
1455
1454
1453
1453
634
1544
1628
1690
1699
1625
1580
1551
1530
1514
1502
1492
1484
1477
1472
1468
1465
1462
1460
1458
1456
1455
1454
1454
770
1454
1571
1650
1686
1622
1577
1547
1527
1511
1499
1489
1481
1475
1470
1466
1463
1460
1458
1456
1455
1454
1453
1453
634
1544
1628
1690
1699
1625
1580
1551
1530
1514
1502
1492
1484
1477
1472
1468
1465
1462
1460
1458
1456
1455
1454
1454
770
1454
1571
1650
1686
1622
1577
1547
1527
1511
1499
1489
1481
1475
1470
1466
1463
1460
1458
1456
1455
1454
1453
1453
634
1544
1628
1690
1699
1625
1580
1551
1530
1514
1502
1492
1484
1477
1472
1468
1465
1462
1460
1458
1456
1455
1454
1454
770
1454
1571
1650
1686
1622
1577
1547
1527
1511
1499
1489
1481
1475
1470
1466
1463
1460
1458
1456
1455
1454
1453
1453
634
1544
1628
1690
1699
1625
1580
1551
1530
1514
1502
1492
1484
1477
1472
1468
1465
1462
1460
1458
1456
1455
1454
1454
770
1454
1571
1650
1686
1622
1577
1547
1527
1511
1499
1489
1481
1475
1470
1466
1463
1460
1458
1456
1455
1454
1453
1453
634
1544
1628
1690
1699
1625
1580
1551
1530
1514
1502
1492
1484
1477
1472
1468
1465
1462
1460
1458
1456
1455
1454
1454
770
1454
1571
1650
1686
1622
1577
1547
1527
1511
1499
1489
1481
1475
1470
1466
1463
1460
1458
1456
1455
1454
1453
1453
634
1544
1628
1690
1699
1625
1580
1551
1530
1514
1502
1492
1484
1477
1472
1468
1465
1462
1460
1458
1456
1455
1454
1454
770
1454
1571
1650
1686
1622
1577
1547
1527
1511
1499
1489
1481
1475
1470
1466
1463
1460
1458
1456
1455
1454
1453
1453
634
1544
1628
1690
1699
1625
1580
1551
1530
1514
1502
1492
1484
1477
1472
1468
1465
1462
1460
1458
1456
1455
1454
1454
770
1454
1571
1650
1686
1622
1577
1547
1527
1511
1499
1489
1481
1475
1470
1466
1463
1460
1458
1456
1455
1454
1453
1453
634
1544
1628
1690
1699
1625
1580
1551
1530
1514
1502
1492
1484
1477
1472
1468
1465
1462
1460
1458
1456
1455
1454
1454
770
1454
1571
1650
1686
1622
1577
1547
1527
1511
1499
1489
1481
1475
1470
1466
1463
1460
1458
1456
1455
1454
1453
1453
634
1544
1628
1690
1699
1625
1580
1551
1530
1514
1502
1492
1484
1477
1472
1468
1465
1462
1460
1458
1456
1455
1454
1454
770
1454
1571
1650
1686
1622
1577
1547
1527
1511
1499
1489
1481
1475
1470
1466
1463
1460
1458
1456
1455
1454
1453
1453
634
1544
1628
1690
1699
1625
1580
1551
1530
1514
1502
1492
1484
1477
1472
1468
1465
1462
1460
1458
1456
1455
1454
1454
770
1454
1571
1650
1686
1622
1577
1547
1527
1511
1499
1489
1481
1475
1470
1466
1463
1460
1458
1456
1455
1454
1453
1453
634
1544
1628
1690
1699
1625
1580
1551
1530
1514
1502
1492
1484
1477
1472
1468
1465
1462
1460
1458
1456
1455
1454
1454
770
1454
1571
1650
1686
1622
1577
1547
1527
1511
1499
1489
1481
1475
1470
1466
1463
1460
1458
1456
1455
1454
1453
1453
634
1544
1628
1690
1699
1625
1580
1551
1530
1514
1502
1492
1484
1477
1472
1468
1465
1462
1460
1458
1456
1455
1454
1454
770
1454
1571
1650
1686
1622
1577
1547
1527
1511
1499
1489
1481
1475
1470
1466
1463
1460
1458
1456
1455
1454
1453
1453
634
1544
1628
1690
1699
1625
1580
1551
1530
1514
1502
1492
1484
1477
1472
1468
1465
1462
1460
1458
1456
1455
1454
1454
770
1454
1571
1650
1686
1622
1577
1547
1527
1511
1499
1489
1481
1475
1470
1466
1463
1460
1458
1456
1455
1454
1453
1453
634
1544
1628
1690
1699
1625
1580
1551
1530
1514
1502
1492
1484
1477
1472
1468
1465
1462
1460
1458
1456
1455
1454
1454
770
1454
1571
1650
1686
1622
1577
1547
1527
1511
1499
1489
1481
1475
1470
1466
1463
1460
1458
1456
1455
1454
1453
1453
634
1544
1628
1690
1699
1625
1580
1551
1530
1514
1502
1492
1484
1477
1472
1468
1465
1462
1460
1458
1456
1455
1454
1454
770
1454
1571
1650
1686
1622
1577
1547
1527
1511
1499
1489
1481
1475
1470
1466
1463
1460
1458
1456
1455
1454
1453
1453
634
1544
1628
1690
1699
1625
1580
1551
1530
1514
1502
1492
1484
1477
1472
1468
1465
1462
1460
1458
1456
1455
1454
1454
770
1454
1571
1650
1686
1622
1577
1547
1527
1511
1499
1489
1481
1475
1470
1466
1463
1460
1458
1456
1455
1454
1453
1453
634
1544
1628
1690
1699
1625
1580
1551
1530
1514
1502
1492
1484
1477
1472
1468
1465
1462
1460
1458
1456
1455
1454
1454
770
1454
1571
1650
1686
1622
1577
1547
1527
1511
1499
1489
1481
1475
1470
1466
1463
1460
1458
1456
1455
1454
1453
1453
634
1544
1628
1690
1699
1625
1580
1551
1530
1514
1502
1492
1484
1477
1472
1468
1465
1462
1460
1458
1456
1455
1454
1454
770
1454
1571
1650
1686
1622
1577
1547
1527
1511
1499
1489
1481
1475
1470
1466
1463
1460
1458
1456
1455
1454
1453
1453
634
1544
1628
1690
1699
1625
1580
1551
1530
1514
1502
1492
1484
1477
1472
1468
1465
1462
1460
1458
1456
1455
1454
1454
770
1454
1571
1650
1686
1622
1577
1547
1527
1511
1499
1489
1481
1475
1470
1466
1463
1460
1458
1456
1455
1454
1453
1453
634
1544
1628
1690
1699
1625
1580
1551
1530
1514
1502
1492
1484
1477
1472
1468
1465
1462
1460
1458
1456
1455
1454
1454
770
1454
1571
1650
1686
1622
1577
1547
1527
1511
1499
1489
1481
1475
1470
1466
1463
1460
1458
1456
1455
1454
1453
1453
634
1544
1628
1690
1699
1625
1580
1551
1530
1514
1502
1492
1484
1477
1472
1468
1465
1462
1460
1458
1456
1455
1454
1454
770
1454
1571
1650
1686
1622
1577
1547
1527
1511
1499
1489
1481
1475
1470
1466
1463
1460
1458
1456
1455
1454
1453
1453
634
1544
1628
1690
1699
1625
1580
1551
1530
1514
1502
1492
1484
1477
1472
1468
1465
1462
1460
1458
1456
1455
1454
1454
770
1454
1571
1650
1686
1622
1577
1547
1527
1511
1499
1489
1481
1475
1470
1466
1463
1460
1458
1456
1455
1454
1453
1453
634
1544
1628
1690
1699
1625
1580
1551
1530
1514
1502
1492
1484
1477
1472
1468
1465
1462
1460
1458
1456
1455
1454
1454
770
1454
1571
1650
1686
1622
1577
1547
1527
1511
1499
1489
1481
1475
1470
1466
1463
1460
1458
1456
1455
1454
1453
1453
634
1544
1628
1690
1699
1625
1580
1551
1530
1514
1502
1492
1484
1477
1472
1468
1465
1462
1460
1458
1456
1455
1454
1454
770
1454
1571
1650
1686
1622
1577
1547
1527
1511
1499
1489
1481
1475
1470
1466
1463
1460
1458
1456
1455
1454
1453
1453
634
1544
1628
1690
1699
1625
1580
1551
1530
1514
1502
1492
1484
1477
1472
1468
1465
1462
1460
1458
1456
1455
1454
1454
770
1454
1571
1650
1686
1622
1577
1547
1527
1511
1499
1489
1481
1475
1470
1466
1463
1460
1458
1456
1455
1454
1453
1453
634
1544
1628
1690
1699
1625
1580
1551
1530
1514
1502
1492
1484
1477
1472
1468
1465
1462
1460
1458
1456
1455
1454
1454
770
1454
1571
1650
1686
1622
1577
1547
1527
1511
1499
1489
1481
1475
1470
1466
1463
1460
1458
1456
1455
1454
1453
1453
