1544
1628
1690
1699
1625
1580
1551
1530
1514
1502
1492
1484
1477
1472
1468
1465
1462
1460
1458
1456
1455
1454
503
1454
1571
1650
1686
1622
1577
1547
1527
1511
1499
1489
1481
1475
1470
1466
1463
1460
1458
1456
1455
1454
1453
449
1526
1617
1682
1697
1624
1579
1550
1529
1513
1501
1491
1483
1477
1472
1467
1464
1461
1459
1457
1456
1455
1454
510
1429
1557
1640
1682
1621
1576
1547
1526
1510
1498
1489
1481
1475
1470
1466
1462
1460
1458
1456
1455
1454
1453
445
1526
1617
1682
1697
1624
1579
1550
1529
1513
1501
1491
1483
1477
1472
1467
1464
1461
1459
1457
1456
1455
1454
510
1429
1557
1640
1682
1621
1576
1547
1526
1510
1498
1489
1481
1475
1470
1466
1462
1460
1458
1456
1455
1454
1453
445
1526
1617
1682
1697
1624
1579
1550
1529
1513
1501
1491
1483
1477
1472
1467
1464
1461
1459
1457
1456
1455
1454
510
1429
1557
1640
1682
1621
1576
1547
1526
1510
1498
1489
1481
1475
1470
1466
1462
1460
1458
1456
1455
1454
1453
445
1526
1617
1682
1697
1624
1579
1550
1529
1513
1501
1491
1483
1477
1472
1467
1464
1461
1459
1457
1456
1455
1454
510
1429
1557
1640
1682
1621
1576
1547
1526
1510
1498
1489
1481
1475
1470
1466
1462
1460
1458
1456
1455
1454
1453
445
1526
1617
1682
1697
1624
1579
1550
1529
1513
1501
1491
1483
1477
1472
1467
1464
1461
1459
1457
1456
1455
1454
510
1429
1557
1640
1682
1621
1576
1547
1526
1510
1498
1489
1481
1475
1470
1466
1462
1460
1458
1456
1455
1454
1453
445
1526
1617
1682
1697
1624
1579
1550
1529
1513
1501
1491
1483
1477
1472
1467
1464
1461
1459
1457
1456
1455
1454
510
1429
1557
1640
1682
1621
1576
1547
1526
1510
1498
1489
1481
1475
1470
1466
1462
1460
1458
1456
1455
1454
1453
445
1526
1617
1682
1697
1624
1579
1550
1529
1513
1501
1491
1483
1477
1472
1467
1464
1461
1459
1457
1456
1455
1454
510
1429
1557
1640
1682
1621
1576
1547
1526
1510
1498
1489
1481
1475
1470
1466
1462
1460
1458
1456
1455
1454
1453
445
1526
1617
1682
1697
1624
1579
1550
1529
1513
1501
1491
1483
1477
1472
1467
1464
1461
1459
1457
1456
1455
1454
510
1429
1557
1640
1682
1621
1576
1547
1526
1510
1498
1489
1481
1475
1470
1466
1462
1460
1458
1456
1455
1454
1453
445
1526
1617
1682
1697
1624
1579
1550
1529
1513
1501
1491
1483
1477
1472
1467
1464
1461
1459
1457
1456
1455
1454
510
1429
1557
1640
1682
1621
1576
1547
1526
1510
1498
1489
1481
1475
1470
1466
1462
1460
1458
1456
1455
1454
1453
445
1526
1617
1682
1697
1624
1579
1550
1529
1513
1501
1491
1483
1477
1472
1467
1464
1461
1459
1457
1456
1455
1454
510
1429
1557
1640
1682
1621
1576
1547
1526
1510
1498
1489
1481
1475
1470
1466
1462
1460
1458
1456
1455
1454
1453
445
1526
1617
1682
1697
1624
1579
1550
1529
1513
1501
1491
1483
1477
1472
1467
1464
1461
1459
1457
1456
1455
1454
510
1429
1557
1640
1682
1621
1576
1547
1526
1510
1498
1489
1481
1475
1470
1466
1462
1460
1458
1456
1455
1454
1453
445
1526
1617
1682
1697
1624
1579
1550
1529
1513
1501
1491
1483
1477
1472
1467
1464
1461
1459
1457
1456
1455
1454
510
1429
1557
1640
1682
1621
1576
1547
1526
1510
1498
1489
1481
1475
1470
1466
1462
1460
1458
1456
1455
1454
1453
445
1526
1617
1682
1697
1624
1579
1550
1529
1513
1501
1491
1483
1477
1472
1467
1464
1461
1459
1457
1456
1455
1454
510
1429
1557
1640
1682
1621
1576
1547
1526
1510
1498
1489
1481
1475
1470
1466
1462
1460
1458
1456
1455
1454
1453
445
1526
1617
1682
1697
1624
1579
1550
1529
1513
1501
1491
1483
1477
1472
1467
1464
1461
1459
1457
1456
1455
1454
510
1429
1557
1640
1682
1621
1576
1547
1526
1510
1498
1489
1481
1475
1470
1466
1462
1460
1458
1456
1455
1454
1453
445
1526
1617
1682
1697
1624
1579
1550
1529
1513
1501
1491
1483
1477
1472
1467
1464
1461
1459
1457
1456
1455
1454
510
1429
1557
1640
1682
1621
1576
1547
1526
1510
1498
1489
1481
1475
1470
1466
1462
1460
1458
1456
1455
1454
1453
445
1526
1617
1682
1697
1624
1579
1550
1529
1513
1501
1491
1483
1477
1472
1467
1464
1461
1459
1457
1456
1455
1454
510
1429
1557
1640
1682
1621
1576
1547
1526
1510
1498
1489
1481
1475
1470
1466
1462
1460
1458
1456
1455
1454
1453
445
1526
1617
1682
1697
1624
1579
1550
1529
1513
1501
1491
1483
1477
1472
1467
1464
1461
1459
1457
1456
1455
1454
510
1429
1557
1640
1682
1621
1576
1547
1526
1510
1498
1489
1481
1475
1470
1466
1462
1460
1458
1456
1455
1454
1453
445
1526
1617
1682
1697
1624
1579
1550
1529
1513
1501
1491
1483
1477
1472
1467
1464
1461
1459
1457
1456
1455
1454
510
1429
1557
1640
1682
1621
1576
1547
1526
1510
1498
1489
1481
1475
1470
1466
1462
1460
1458
1456
1455
1454
1453
445
1526
1617
1682
1697
1624
1579
1550
1529
1513
1501
1491
1483
1477
1472
1467
1464
1461
1459
1457
1456
1455
1454
510
1429
1557
1640
1682
1621
1576
1547
1526
1510
1498
1489
1481
1475
1470
1466
1462
1460
1458
1456
1455
1454
1453
445
1526
1617
1682
1697
1624
1579
1550
1529
1513
1501
1491
1483
1477
1472
1467
1464
1461
1459
1457
1456
1455
1454
510
1429
1557
1640
1682
1621
1576
1547
1526
1510
1498
1489
1481
1475
1470
1466
1462
1460
1458
1456
1455
1454
1453
445
1526
1617
1682
1697
1624
1579
1550
1529
1513
1501
1491
1483
1477
1472
1467
1464
1461
1459
1457
1456
1455
1454
510
1429
1557
1640
1682
1621
1576
1547
1526
1510
1498
1489
1481
1475
1470
1466
1462
1460
1458
1456
1455
1454
1453
445
1526
1617
1682
1697
1624
1579
1550
1529
1513
1501
1491
1483
1477
1472
1467
1464
1461
1459
1457
1456
1455
1454
510
1429
1557
1640
1682
1621
1576
1547
1526
1510
1498
1489
1481
1475
1470
1466
1462
1460
1458
1456
1455
1454
1453
445
1526
1617
1682
1697
1624
1579
1550
1529
1513
1501
1491
1483
1477
1472
1467
1464
1461
1459
1457
1456
1455
1454
510
1429
1557
1640
1682
1621
1576
1547
1526
1510
1498
1489
1481
1475
1470
1466
1462
1460
1458
1456
1455
1454
1453
445
1526
1617
1682
1697
1624
1579
1550
1529
1513
1501
1491
1483
1477
1472
1467
1464
1461
1459
1457
1456
1455
1454
510
1429
1557
1640
1682
1621
1576
1547
1526
1510
1498
1489
1481
1475
1470
1466
1462
1460
1458
1456
1455
1454
1453
445
1526
1617
1682
1697
1624
1579
1550
1529
1513
1501
1491
1483
1477
1472
1467
1464
1461
1459
1457
1456
1455
1454
510
1429
1557
1640
1682
1621
1576
1547
1526
1510
1498
1489
1481
1475
1470
1466
1462
1460
1458
1456
1455
1454
1453
445
1526
1617
1682
1697
1624
1579
1550
1529
1513
1501
1491
1483
1477
1472
1467
1464
1461
1459
1457
1456
1455
1454
510
1429
1557
1640
1682
1621
1576
1547
1526
1510
1498
1489
1481
1475
1470
1466
1462
1460
1458
1456
1455
1454
1453
445
1526
1617
1682
1697
1624
1579
1550
1529
1513
1501
1491
1483
1477
1472
1467
1464
1461
1459
1457
1456
1455
1454
510
1429
1557
1640
1682
1621
1576
1547
1526
1510
1498
1489
1481
1475
1470
1466
1462
1460
1458
1456
1455
1454
1453
445
1526
1617
1682
1697
1624
1579
1550
1529
1513
1501
1491
1483
1477
1472
1467
1464
1461
1459
1457
1456
1455
1454
510
1429
1557
1640
1682
1621
1576
1547
1526
1510
1498
1489
1481
1475
1470
1466
1462
1460
1458
1456
1455
1454
1453
445
1526
1617
1682
1697
1624
1579
1550
1529
1513
1501
1491
1483
1477
1472
1467
1464
1461
1459
1457
1456
1455
1454
510
1429
1557
1640
1682
1621
1576
1547
1526
1510
1498
1489
1481
1475
1470
1466
1462
1460
1458
1456
1455
1454
1453
