126
128
130
133
135
138
140
143
146
149
151
154
157
160
163
167
170
173
177
183
186
189
192
196
199
203
208
212
217
222
227
231
235
238
243
246
249
252
255
258
261
265
268
272
275
279
283
287
291
295
303
307
311
316
323
334
350
355
360
364
367
370
373
377
380
384
387
391
395
398
402
406
410
415
423
427
431
436
443
456
471
476
483
486
488
491
495
498
501
505
508
512
515
519
523
527
531
535
543
546
551
556
563
574
590
595
600
604
607
610
613
617
620
624
627
631
635
638
642
646
650
655
663
667
671
676
683
696
711
716
723
726
728
731
735
738
741
745
748
752
755
759
763
767
771
775
783
786
791
796
803
814
830
835
840
844
847
850
853
857
860
864
867
871
875
878
882
886
890
895
903
907
911
916
923
936
951
956
963
966
968
971
975
978
981
985
988
992
995
999
1003
1007
1011
1015
1023
1026
1031
1036
1043
1054
1070
1075
1080
1084
1087
1090
1093
1097
1100
1104
1107
1111
1115
1118
1122
1126
1130
1135
1143
1147
1151
1156
1163
1176
1191
1196
1203
1206
1208
1211
1215
1218
1221
1225
1228
1232
1235
1239
1243
1247
1251
1255
1263
1266
1271
1276
1283
1294
1310
1315
1320
1324
1327
1330
1333
1337
1340
1344
1347
1351
1355
1358
1362
1366
1370
1375
1383
1387
1391
1396
1403
1416
1431
1436
1443
1446
1448
1451
1455
1458
1461
1465
1468
1472
1475
1479
1483
1487
1491
1495
1503
1506
1511
1516
1523
1534
1550
1555
1560
1564
1567
1570
1573
1577
1580
1584
1587
1591
1595
1598
1602
1606
1610
1615
1623
1627
1631
1636
1643
1656
1671
1676
1683
1686
1688
1691
1695
1698
1701
1705
1708
1712
1715
1719
1723
1727
1731
1735
1743
1746
1751
1756
1763
1774
1790
1795
1800
1804
1807
1810
1813
1817
1820
1824
1827
1831
1835
1838
1842
1846
1850
1855
1863
1867
1871
1876
1883
1896
1911
1916
1923
1926
1928
1931
1935
1938
1941
1945
1948
1952
1955
1959
1963
1967
1971
1975
1983
1986
1991
1996
2003
2014
2030
2035
2040
2044
2047
2050
2053
2057
2060
2064
2067
2071
2075
2078
2082
2086
2090
2095
2103
2107
2111
2116
2123
2136
2151
2156
2163
2166
2168
2171
2175
2178
2181
2185
2188
2192
2195
2199
2203
2207
2211
2215
2223
2226
2231
2236
2243
2254
2270
2275
2280
2284
2287
2290
2293
2297
2300
2304
2307
2311
2315
2318
2322
2326
2330
2335
2343
2347
2351
2356
2363
2376
2391
2396
2403
2406
2408
2411
2415
2418
2421
2425
2428
2432
2435
2439
2443
2447
2451
2455
2463
2466
2471
2476
2483
2494
2510
2515
2520
2524
2527
2530
2533
2537
2540
2544
2547
2551
2555
2558
2562
2566
2570
2575
2583
2587
2591
2596
2603
2616
2631
2636
2643
2646
2648
2651
2655
2658
2661
2665
2668
2672
2675
2679
2683
2687
2691
2695
2703
2706
2711
2716
2723
2734
2750
2755
2760
2764
2767
2770
2773
2777
2780
2784
2787
2791
2795
2798
2802
2806
2810
2815
2823
2827
2831
2836
2843
2856
2871
2876
2883
2886
2888
2891
2895
2898
2901
2905
2908
2912
2915
2919
2923
2927
2931
2935
2943
2946
2951
2956
2963
2974
2990
2995
3000
3004
3007
3010
3013
3017
3020
3024
3027
3031
3035
3038
3042
3046
3050
3055
3063
3067
3071
3076
3083
3096
3111
3116
3123
3126
3128
3131
3135
3138
3141
3145
3148
3152
3155
3159
3163
3167
3171
3175
3183
3186
3191
3196
3203
3214
3230
3235
3240
3244
3247
3250
3253
3257
3260
3264
3267
3271
3275
3278
3282
3286
3290
3295
3303
3307
3311
3316
3323
3336
3351
3356
3363
3366
3368
3371
3375
3378
3381
3385
3388
3392
3395
3399
3403
3407
3411
3415
3423
3426
3431
3436
3443
3454
3470
3475
3480
3484
3487
3490
3493
3497
3500
3504
3507
3511
3515
3518
3522
3526
3530
3535
3543
3547
3551
3556
3563
3576
3591
3596
3603
3606
3608
3611
3615
3618
3621
3625
3628
3632
3635
3639
3643
3647
3651
3655
3663
3666
3671
3676
3683
3694
3710
3715
