126
128
130
133
135
138
140
143
146
149
151
154
157
160
163
167
170
173
176
180
183
186
190
194
198
202
206
211
215
220
224
228
232
236
239
243
246
249
252
255
258
261
265
268
271
275
279
282
286
290
295
299
304
308
314
321
331
347
353
357
361
364
367
371
374
377
381
384
388
392
395
399
403
407
411
416
420
425
431
438
450
466
472
476
480
484
487
490
493
497
500
504
507
511
515
518
522
526
530
534
539
544
548
554
561
571
587
592
597
600
604
607
610
614
617
621
624
628
632
635
639
643
647
651
656
661
665
671
678
689
706
712
716
720
724
727
730
733
737
740
744
747
751
755
758
762
766
770
774
779
784
789
794
801
812
827
833
837
841
844
847
851
854
857
861
864
868
872
875
879
883
887
891
896
901
905
911
918
929
946
952
956
960
964
967
970
973
977
980
984
987
991
995
998
1002
1006
1010
1014
1019
1024
1029
1034
1041
1052
1067
1073
1077
1081
1084
1087
1091
1094
1097
1101
1104
1108
1112
1115
1119
1123
1127
1131
1136
1141
1145
1151
1158
1169
1186
1192
1196
1200
1204
1207
1210
1213
1217
1220
1224
1227
1231
1235
1238
1242
1246
1250
1254
1259
1264
1269
1274
1281
1292
1307
1313
1317
1321
1324
1327
1331
1334
1337
1341
1344
1348
1352
1355
1359
1363
1367
1371
1376
1381
1385
1391
1398
1409
1426
1432
1436
1440
1444
1447
1450
1453
1457
1460
1464
1467
1471
1475
1478
1482
1486
1490
1494
1499
1504
1509
1514
1521
1532
1547
1553
1557
1561
1564
1567
1571
1574
1577
1581
1584
1588
1592
1595
1599
1603
1607
1611
1616
1621
1625
1631
1638
1649
1666
1672
1676
1680
1684
1687
1690
1693
1697
1700
1704
1707
1711
1715
1718
1722
1726
1730
1734
1739
1744
1749
1754
1761
1772
1787
1793
1797
1801
1804
1807
1811
1814
1817
1821
1824
1828
1832
1835
1839
1843
1847
1851
1856
1861
1865
1871
1878
1889
1906
1912
1916
1920
1924
1927
1930
1933
1937
1940
1944
1947
1951
1955
1958
1962
1966
1970
1974
1979
1984
1989
1994
2001
2012
2027
2033
2037
2041
2044
2047
2051
2054
2057
2061
2064
2068
2072
2075
2079
2083
2087
2091
2096
2101
2105
2111
2118
2129
2146
2152
2156
