126
128
130
133
135
138
140
143
146
148
151
154
156
159
162
164
167
170
173
175
183
186
188
190
193
195
198
200
203
206
209
211
214
217
220
223
226
229
232
235
243
246
248
250
253
256
259
263
266
270
273
277
281
284
288
293
297
303
307
313
318
324
329
334
339
343
347
351
355
363
366
369
373
377
380
385
389
393
397
402
407
412
418
425
432
441
448
453
458
463
467
471
475
483
486
489
493
497
501
505
509
513
518
522
527
532
538
545
552
561
568
573
578
583
587
591
595
603
606
609
613
617
621
625
629
633
638
642
647
652
658
665
672
681
688
693
698
703
707
711
715
723
726
729
733
737
741
745
749
753
758
762
767
772
778
785
792
801
808
813
818
823
827
831
835
843
846
849
853
857
861
865
869
873
878
882
887
892
898
905
912
921
928
933
938
943
947
951
955
963
966
969
973
977
981
985
989
993
998
1002
1007
1012
1018
1025
1032
1041
1048
1053
1058
1063
1067
1071
1075
1083
1086
1089
1093
1097
1101
1105
1109
1113
1118
1122
1127
1132
1138
1145
1152
1161
1168
1173
1178
1183
1187
1191
1195
1203
1206
1209
1213
1217
1221
1225
1229
1233
1238
1242
1247
1252
1258
1265
1272
1281
1288
1293
1298
1303
1307
1311
1315
1323
1326
1329
1333
1337
1341
1345
1349
1353
1358
1362
1367
1372
1378
1385
1392
1401
1408
1413
1418
1423
1427
1431
1435
1443
1446
1449
1453
1457
1461
1465
1469
1473
1478
1482
1487
1492
1498
1505
1512
1521
1528
1533
1538
1543
1547
1551
1555
1563
1566
1569
1573
1577
1581
1585
1589
1593
1598
1602
1607
1612
1618
1625
1632
1641
1648
1653
1658
1663
1667
1671
1675
1683
1686
1689
1693
1697
1701
1705
1709
1713
1718
1722
1727
1732
1738
1745
1752
1761
1768
1773
1778
1783
1787
1791
1795
1803
1806
1809
1813
1817
1821
1825
1829
1833
1838
1842
1847
1852
1858
1865
1872
1881
1888
1893
1898
1903
1907
1911
1915
1923
1926
1929
1933
1937
1941
1945
1949
1953
1958
1962
1967
1972
1978
1985
1992
2001
2008
2013
2018
2023
2027
2031
2035
2043
2046
2049
2053
2057
2061
2065
2069
2073
2078
2082
2087
2092
2098
2105
2112
2121
2128
2133
2138
2143
2147
2151
2155
2163
2166
2169
2173
2177
2181
2185
2189
2193
2198
2202
2207
2212
2218
2225
2232
2241
2248
2253
2258
2263
2267
2271
2275
2283
2286
2289
2293
2297
2301
2305
2309
2313
2318
2322
2327
2332
2338
2345
2352
2361
2368
2373
2378
2383
2387
2391
2395
2403
2406
2409
2413
2417
2421
2425
2429
2433
2438
2442
2447
2452
2458
2465
2472
2481
2488
2493
2498
2503
2507
2511
2515
2523
2526
2529
2533
2537
2541
2545
2549
2553
2558
2562
2567
2572
2578
2585
2592
2601
2608
2613
2618
2623
2627
2631
2635
2643
2646
2649
2653
2657
2661
2665
2669
2673
2678
2682
2687
2692
2698
2705
2712
2721
2728
2733
2738
2743
2747
2751
2755
2763
2766
2769
2773
2777
2781
2785
2789
2793
2798
2802
2807
2812
2818
2825
2832
2841
2848
2853
2858
2863
2867
2871
2875
2883
2886
2889
2893
2897
2901
2905
2909
2913
2918
2922
2927
2932
2938
2945
2952
2961
2968
2973
2978
2983
2987
2991
2995
3003
3006
3009
3013
3017
3021
3025
3029
3033
3038
3042
3047
3052
3058
3065
3072
3081
3088
3093
3098
3103
3107
3111
3115
3123
3126
3129
3133
3137
3141
3145
3149
3153
3158
3162
3167
3172
3178
3185
3192
3201
3208
3213
3218
3223
3227
3231
3235
3243
3246
3249
3253
3257
3261
3265
3269
3273
3278
3282
3287
3292
3298
3305
3312
3321
3328
3333
3338
3343
3347
3351
3355
3363
3366
3369
3373
3377
3381
3385
3389
3393
3398
3402
3407
3412
3418
3425
3432
3441
3448
3453
3458
3463
3467
3471
3475
3483
3486
3489
3493
3497
3501
3505
3509
3513
3518
3522
3527
3532
3538
3545
3552
3561
3568
3573
3578
3583
3587
3591
3595
3603
3606
3609
3613
3617
3621
3625
3629
3633
3638
3642
3647
3652
3658
3665
3672
3681
3688
3693
3698
3703
3707
3711
3715
