1431
1563
1602
1499
1442
1411
1390
1375
1365
1357
1350
1345
1341
1338
1335
1333
1331
1330
1328
1327
439
1450
1575
1604
1499
1443
1411
1390
1372
1342
1315
1292
1272
1253
1236
1219
1204
1189
1175
1161
446
1406
1547
1455
1275
1192
1140
1100
1067
1038
1010
982
954
924
892
856
815
583
869
696
634
633
682
742
793
831
858
876
887
450
1377
1113
998
948
915
888
862
836
807
775
737
692
636
536
487
417
510
645
737
796
834
859
875
445
1372
1106
994
945
912
886
860
834
806
774
736
691
635
540
485
419
513
647
738
797
835
859
875
445
1372
1106
994
945
912
886
860
834
806
774
736
691
635
540
485
419
513
647
738
797
835
859
875
445
1372
1106
994
945
912
886
860
834
806
774
736
691
635
540
485
419
513
647
738
797
835
859
875
445
1372
1106
994
945
912
886
860
834
806
774
736
691
635
540
485
419
513
647
738
797
835
859
875
445
1372
1106
994
945
912
886
860
834
806
774
736
691
635
540
485
419
513
647
738
797
835
859
875
445
1372
1106
994
945
912
886
860
834
806
774
736
691
635
540
485
419
513
647
738
797
835
859
875
445
1372
1106
994
945
912
886
860
834
806
774
736
691
635
540
485
419
513
647
738
797
835
859
875
445
1372
1106
994
945
912
886
860
834
806
774
736
691
635
540
485
419
513
647
738
797
835
859
875
445
1372
1106
994
945
912
886
860
834
806
774
736
691
635
540
485
419
513
647
738
797
835
859
875
445
1372
1106
994
945
912
886
860
834
806
774
736
691
635
540
485
419
513
647
738
797
835
859
875
445
1372
1106
994
945
912
886
860
834
806
774
736
691
635
540
485
419
513
647
738
797
835
859
875
445
1372
1106
994
945
912
886
860
834
806
774
736
691
635
540
485
419
513
647
738
797
835
859
875
445
1372
1106
994
945
912
886
860
834
806
774
736
691
635
540
485
419
513
647
738
797
835
859
875
445
1372
1106
994
945
912
886
860
834
806
774
736
691
635
540
485
419
513
647
738
797
835
859
875
445
1372
1106
994
945
912
886
860
834
806
774
736
691
635
540
485
419
513
647
738
797
835
859
875
445
1372
1106
994
945
912
886
860
834
806
774
736
691
635
540
485
419
513
647
738
797
835
859
875
445
1372
1106
994
945
912
886
860
834
806
774
736
691
635
540
485
419
513
647
738
797
835
859
875
445
1372
1106
994
945
912
886
860
834
806
774
736
691
635
540
485
419
513
647
738
797
835
859
875
445
1372
1106
994
945
912
886
860
834
806
774
736
691
635
540
485
419
513
647
738
797
835
859
875
445
1372
1106
994
945
912
886
860
834
806
774
736
691
635
540
485
419
513
647
738
797
835
859
875
445
1372
1106
994
945
912
886
860
834
806
774
736
691
635
540
485
419
513
647
738
797
835
859
875
445
1372
1106
994
945
912
886
860
834
806
774
736
691
635
540
485
419
513
647
738
797
835
859
875
445
1372
1106
994
945
912
886
860
834
806
774
736
691
635
540
485
419
513
647
738
797
835
859
875
445
1372
1106
994
945
912
886
860
834
806
774
736
691
635
540
485
419
513
647
738
797
835
859
875
445
1372
1106
994
945
912
886
860
834
806
774
736
691
635
540
485
419
513
647
738
797
835
859
875
445
1372
1106
994
945
912
886
860
834
806
774
736
691
635
540
485
419
513
647
738
797
835
859
875
445
1372
1106
994
945
912
886
860
834
806
774
736
691
635
540
485
419
513
647
738
797
835
859
875
