1431
1563
1602
1499
1442
1411
1390
1372
1330
1291
1259
1230
1204
1180
1157
1135
1114
1092
1071
1048
1027
1217
1024
955
909
867
825
786
762
776
831
906
979
1040
1090
804
1429
1326
1203
1152
1119
1093
1070
1048
1026
1004
980
955
927
897
863
823
769
758
641
531
355
223
635
852
969
1024
1152
1080
1062
1049
1035
1019
1002
983
963
940
914
886
853
814
768
776
627
522
297
215
628
850
969
1040
1152
1088
1073
1061
1049
1035
1019
1002
983
962
939
914
885
852
813
717
766
642
529
353
229
629
843
960
1025
1137
1073
1057
1045
1031
1017
1000
981
961
938
913
884
851
813
767
776
626
521
311
210
628
850
969
1040
1151
1086
1070
1059
1046
1032
1016
999
980
959
936
910
880
847
808
727
747
628
513
324
243
663
860
972
1027
1150
1078
1060
1047
1033
1018
1001
982
962
939
913
885
852
813
768
778
626
521
312
211
628
850
969
1040
1151
1086
1070
1059
1046
1032
1016
999
980
959
936
910
880
847
808
727
747
628
513
324
243
663
860
972
1027
1150
1078
1060
1047
1033
1018
1001
982
962
939
913
885
852
813
768
778
626
521
312
211
628
850
969
1040
1151
1086
1070
1059
1046
1032
1016
999
980
959
936
910
880
847
808
727
747
628
513
324
243
663
860
972
1027
1150
1078
1060
1047
1033
1018
1001
982
962
939
913
885
852
813
768
778
626
521
312
211
628
850
969
1040
1151
1086
1070
1059
1046
1032
1016
999
980
959
936
910
880
847
808
727
747
628
513
324
243
663
860
972
1027
1150
1078
1060
1047
1033
1018
1001
982
962
939
913
885
852
813
768
778
626
521
312
211
628
850
969
1040
1151
1086
1070
1059
1046
1032
1016
999
980
959
936
910
880
847
808
727
747
628
513
324
243
663
860
972
1027
1150
1078
1060
1047
1033
1018
1001
982
962
939
913
885
852
813
768
778
626
521
312
211
628
850
969
1040
1151
1086
1070
1059
1046
1032
1016
999
980
959
936
910
880
847
808
727
747
628
513
324
243
663
860
972
1027
1150
1078
1060
1047
1033
1018
1001
982
962
939
913
885
852
813
768
778
626
521
312
211
628
850
