1431
1563
1602
1499
1442
1411
1390
1371
1328
1289
1257
1228
1202
1178
1155
1133
1111
1090
1068
524
1450
1302
1098
1009
949
897
845
793
747
730
769
850
935
1004
708
1424
1292
1180
1134
1104
1081
1059
1038
1017
995
971
946
919
888
854
433
1134
820
683
545
321
225
684
736
1017
1207
1095
1070
1056
1042
1028
1012
994
975
954
930
904
874
840
406
1140
816
674
528
282
245
714
478
1406
1336
1191
1137
1105
1080
1058
1036
1015
993
970
945
918
887
853
430
1141
821
682
544
315
226
684
736
1017
1207
1095
1070
1056
1042
1028
1012
994
975
954
930
904
874
840
406
1140
816
674
528
282
245
714
478
1406
1336
1191
1137
1105
1080
1058
1036
1015
993
970
945
918
887
853
430
1141
821
682
544
315
226
684
736
1017
1207
1095
1070
1056
1042
1028
1012
994
975
954
930
904
874
840
406
1140
816
674
528
282
245
714
478
1406
1336
1191
1137
1105
1080
1058
1036
1015
993
970
945
918
887
853
430
1141
821
682
544
315
226
684
736
1017
1207
1095
1070
1056
1042
1028
1012
994
975
954
930
904
874
840
406
1140
816
674
528
282
245
714
478
1406
1336
1191
1137
1105
1080
1058
1036
1015
993
970
945
918
887
853
430
1141
821
682
544
315
226
684
736
1017
1207
1095
1070
1056
1042
1028
1012
994
975
954
930
904
874
840
406
1140
816
674
528
282
245
714
478
1406
1336
1191
1137
1105
1080
1058
1036
1015
993
970
945
918
887
853
430
1141
821
682
544
315
226
684
736
1017
1207
1095
1070
1056
1042
1028
1012
994
975
954
930
904
874
840
406
1140
816
674
528
282
245
714
478
1406
1336
1191
1137
1105
1080
1058
1036
1015
993
970
945
918
887
853
430
1141
821
682
544
315
226
684
736
1017
1207
1095
1070
1056
1042
1028
1012
994
975
954
930
904
874
840
406
1140
816
674
528
282
245
714
478
1406
1336
1191
1137
1105
1080
1058
1036
1015
993
970
945
918
887
853
430
1141
821
682
544
315
226
684
736
1017
1207
1095
1070
1056
1042
1028
1012
994
975
954
930
904
874
840
406
1140
816
674
528
282
245
714
478
1406
1336
1191
1137
1105
1080
1058
1036
1015
993
970
945
918
887
853
430
1141
821
682
544
315
226
684
736
1017
1207
1095
1070
1056
1042
1028
1012
994
975
954
930
904
874
840
406
1140
816
674
528
282
245
714
478
1406
1336
1191
1137
1105
1080
1058
1036
1015
993
970
945
918
887
853
430
1141
821
682
544
315
226
684
736
1017
1207
1095
1070
1056
1042
1028
1012
994
975
954
930
904
874
840
406
1140
816
674
528
282
245
714
478
1406
1336
1191
1137
1105
1080
1058
1036
1015
993
970
945
918
887
853
430
1141
821
682
544
315
226
684
736
1017
1207
1095
1070
1056
1042
1028
1012
994
975
954
930
904
874
840
406
1140
816
674
528
282
245
714
478
1406
1336
1191
1137
1105
1080
1058
1036
1015
993
970
945
918
887
853
430
1141
821
682
544
315
226
684
736
1017
1207
1095
1070
1056
1042
1028
1012
994
975
954
930
904
874
840
406
1140
816
674
528
282
245
714
478
1406
1336
1191
1137
1105
1080
1058
1036
1015
993
970
945
918
887
853
430
1141
821
682
544
315
226
684
736
1017
1207
1095
1070
1056
1042
1028
1012
994
975
954
930
904
874
840
406
1140
816
674
528
282
245
714
478
1406
1336
1191
1137
1105
1080
1058
1036
1015
993
970
945
918
887
853
430
1141
821
682
544
315
226
684
736
1017
1207
1095
1070
1056
1042
1028
1012
994
975
954
930
904
874
840
406
1140
816
674
528
282
245
714
478
1406
1336
1191
1137
1105
1080
1058
1036
1015
993
970
945
918
887
853
430
1141
821
682
544
315
226
684
