126
128
131
134
138
142
146
151
158
195
199
203
206
208
211
214
217
219
222
224
227
230
232
235
237
243
246
248
252
255
260
264
270
315
319
323
326
328
331
334
336
339
342
344
347
349
352
355
357
363
366
368
372
375
380
384
390
435
439
443
446
448
451
454
456
459
462
464
467
469
472
475
477
483
486
488
492
495
500
504
510
555
559
563
566
568
571
574
576
579
582
584
587
589
592
595
597
603
606
608
612
615
620
624
630
675
679
683
686
688
691
694
696
699
702
704
707
709
712
715
717
723
726
728
732
735
740
744
750
795
799
803
806
808
811
814
816
819
822
824
827
829
832
835
837
843
846
848
852
855
860
864
870
915
919
923
926
928
931
934
936
939
942
944
947
949
952
955
957
963
966
968
972
975
980
984
990
1035
1039
1043
1046
1048
1051
1054
1056
1059
1062
1064
1067
1069
1072
1075
1077
1083
1086
1088
1092
1095
1100
1104
1110
1155
1159
1163
1166
1168
1171
1174
1176
1179
1182
1184
1187
1189
1192
1195
1197
1203
1206
1208
1212
1215
1220
1224
1230
1275
1279
1283
1286
1288
1291
1294
1296
1299
1302
1304
1307
1309
1312
1315
1317
1323
1326
1328
1332
1335
1340
1344
1350
1395
1399
1403
1406
1408
1411
1414
1416
1419
1422
1424
1427
1429
1432
1435
1437
1443
1446
1448
1452
1455
1460
1464
1470
1515
1519
1523
1526
1528
1531
1534
1536
1539
1542
1544
1547
1549
1552
1555
1557
1563
1566
1568
1572
1575
1580
1584
1590
1635
1639
1643
1646
1648
1651
1654
1656
1659
1662
1664
1667
1669
1672
1675
1677
1683
1686
1688
1692
1695
1700
1704
1710
1755
1759
1763
1766
1768
1771
1774
1776
1779
1782
1784
1787
1789
1792
1795
1797
1803
1806
1808
1812
1815
1820
1824
1830
1875
1879
1883
1886
1888
1891
1894
1896
1899
1902
1904
1907
1909
1912
1915
1917
1923
1926
1928
1932
1935
1940
1944
1950
1995
1999
2003
2006
2008
2011
2014
2016
2019
2022
2024
2027
2029
2032
2035
2037
2043
2046
2048
2052
2055
2060
2064
2070
2115
2119
2123
2126
2128
2131
2134
2136
2139
2142
2144
2147
2149
2152
2155
2157
2163
2166
2168
2172
2175
2180
2184
2190
2235
2239
2243
2246
2248
2251
2254
2256
2259
2262
2264
2267
2269
2272
2275
2277
2283
2286
2288
2292
2295
2300
2304
2310
2355
2359
2363
2366
2368
2371
2374
2376
2379
2382
2384
2387
2389
2392
2395
2397
2403
2406
2408
2412
2415
2420
2424
2430
2475
2479
2483
2486
2488
2491
2494
2496
2499
2502
2504
2507
2509
2512
2515
2517
2523
2526
2528
2532
2535
2540
2544
2550
2595
2599
2603
2606
2608
2611
2614
2616
2619
2622
2624
2627
2629
2632
2635
2637
2643
2646
2648
2652
2655
2660
2664
2670
2715
2719
2723
2726
2728
2731
2734
2736
2739
2742
2744
2747
2749
2752
2755
2757
2763
2766
2768
2772
2775
2780
2784
2790
2835
2839
2843
2846
2848
2851
2854
2856
2859
2862
2864
2867
2869
2872
2875
2877
2883
2886
2888
2892
2895
2900
2904
2910
2955
2959
2963
2966
2968
2971
2974
2976
2979
2982
2984
2987
2989
2992
2995
2997
3003
3006
3008
3012
3015
3020
3024
3030
3075
3079
3083
3086
3088
3091
3094
3096
3099
3102
3104
3107
3109
3112
3115
3117
3123
3126
3128
3132
3135
3140
3144
3150
3195
3199
3203
3206
3208
3211
3214
3216
3219
3222
3224
3227
3229
3232
3235
3237
3243
3246
3248
3252
3255
3260
3264
3270
3315
3319
3323
3326
3328
3331
3334
3336
3339
3342
3344
3347
3349
3352
3355
3357
3363
3366
3368
3372
3375
3380
3384
3390
3435
3439
3443
3446
3448
3451
3454
3456
3459
3462
3464
3467
3469
3472
3475
3477
3483
3486
3488
3492
3495
3500
3504
3510
3555
3559
3563
3566
3568
3571
3574
3576
3579
3582
3584
3587
3589
3592
3595
3597
3603
3606
3608
3612
3615
3620
3624
3630
3675
3679
3683
3686
3688
3691
3694
3696
3699
3702
3704
3707
3709
3712
3715
3717
