1431
1559
1310
1092
982
895
809
709
570
95
881
1117
1226
1284
1320
1343
1359
1371
1380
1386
1391
1395
1399
1401
1403
593
1431
1430
1109
956
848
740
602
80
877
1107
1219
1280
1317
1341
1357
1369
1378
1385
1390
1394
1398
1401
1402
586
1431
1434
1110
956
848
740
602
80
877
1107
1219
1280
1317
1341
1357
1369
1378
1385
1390
1394
1398
1401
1402
586
1431
1434
1110
956
848
740
602
80
877
1107
1219
1280
1317
1341
1357
1369
1378
1385
1390
1394
1398
1401
1402
586
1431
1434
1110
956
848
740
602
80
877
1107
1219
1280
1317
1341
1357
1369
1378
1385
1390
1394
1398
1401
1402
586
1431
1434
1110
956
848
740
602
80
877
1107
1219
1280
1317
1341
1357
1369
1378
1385
1390
1394
1398
1401
1402
586
1431
1434
1110
956
848
740
602
80
877
1107
1219
1280
1317
1341
1357
1369
1378
1385
1390
1394
1398
1401
1402
586
1431
1434
1110
956
848
740
602
80
877
1107
1219
1280
1317
1341
1357
1369
1378
1385
1390
1394
1398
1401
1402
586
1431
1434
1110
956
848
740
602
80
877
1107
1219
1280
1317
1341
1357
1369
1378
1385
1390
1394
1398
1401
1402
586
1431
1434
1110
956
848
740
602
80
877
1107
1219
1280
1317
1341
1357
1369
1378
1385
1390
1394
1398
1401
1402
586
1431
1434
1110
956
848
740
602
80
877
1107
1219
1280
1317
1341
1357
1369
1378
1385
1390
1394
1398
1401
1402
586
1431
1434
1110
956
848
740
602
80
877
1107
1219
1280
1317
1341
1357
1369
1378
1385
1390
1394
1398
1401
1402
586
1431
1434
1110
956
848
740
602
80
877
1107
1219
1280
1317
1341
1357
1369
1378
1385
1390
1394
1398
1401
1402
586
1431
1434
1110
956
848
740
602
80
877
1107
1219
1280
1317
1341
1357
1369
1378
1385
1390
1394
1398
1401
1402
586
1431
1434
1110
956
848
740
602
80
877
1107
1219
1280
1317
1341
1357
1369
1378
1385
1390
1394
1398
1401
1402
586
1431
1434
1110
956
848
740
602
80
877
1107
1219
1280
1317
1341
1357
1369
1378
1385
1390
1394
1398
1401
1402
586
1431
1434
1110
956
848
740
602
80
877
1107
1219
1280
1317
1341
1357
1369
1378
1385
1390
1394
1398
1401
1402
586
1431
1434
1110
956
848
740
602
80
877
1107
1219
1280
1317
1341
1357
1369
1378
1385
1390
1394
1398
1401
1402
586
1431
1434
1110
956
848
740
602
80
877
1107
1219
1280
1317
1341
1357
1369
1378
1385
1390
1394
1398
1401
1402
586
1431
1434
1110
956
848
740
602
80
877
1107
1219
1280
1317
1341
1357
1369
1378
1385
1390
1394
1398
1401
1402
586
1431
1434
1110
956
848
740
602
80
877
1107
1219
1280
1317
1341
1357
1369
1378
1385
1390
1394
1398
1401
1402
586
1431
1434
1110
956
848
740
602
80
877
1107
1219
1280
1317
1341
1357
1369
1378
1385
1390
1394
1398
1401
1402
586
1431
1434
1110
956
848
740
602
80
877
1107
1219
1280
1317
1341
1357
1369
1378
1385
1390
1394
1398
1401
1402
586
1431
1434
1110
956
848
740
602
80
877
1107
1219
1280
1317
1341
1357
1369
1378
1385
1390
1394
1398
1401
1402
586
1431
1434
1110
956
848
740
602
80
877
1107
1219
1280
1317
1341
1357
1369
1378
1385
1390
1394
1398
1401
1402
586
1431
1434
1110
956
848
740
602
80
877
1107
1219
1280
1317
1341
1357
1369
1378
1385
1390
1394
1398
1401
1402
586
1431
1434
1110
956
848
740
602
80
877
1107
1219
1280
1317
1341
1357
1369
1378
1385
1390
1394
1398
1401
1402
586
1431
1434
1110
956
848
740
602
80
877
1107
1219
1280
1317
1341
1357
1369
1378
1385
1390
1394
1398
1401
1402
586
1431
1434
1110
956
848
740
602
80
877
1107
1219
1280
1317
1341
1357
1369
1378
1385
1390
1394
1398
1401
1402
586
1431
1434
1110
956
848
740
602
80
877
1107
1219
1280
1317
1341
1357
1369
1378
1385
1390
1394
1398
1401
1402
