126
128
131
134
138
142
146
151
157
192
196
200
203
205
208
211
213
216
219
221
224
226
229
232
234
237
239
243
246
249
253
257
262
268
312
316
319
322
325
328
331
333
336
339
341
344
346
349
352
354
357
359
363
366
369
373
377
382
388
432
436
439
442
445
448
451
453
456
459
461
464
466
469
472
474
477
479
483
486
489
493
497
502
508
552
556
559
562
565
568
571
573
576
579
581
584
586
589
592
594
597
599
603
606
609
613
617
622
628
672
676
679
682
685
688
691
693
696
699
701
704
706
709
712
714
717
719
723
726
729
733
737
742
748
792
796
799
802
805
808
811
813
816
819
821
824
826
829
832
834
837
839
843
846
849
853
857
862
868
912
916
919
922
925
928
931
933
936
939
941
944
947
949
952
954
957
959
963
966
969
973
977
982
988
1032
1036
1039
1042
1045
1048
1051
1053
1056
1059
1061
1064
1067
1069
1072
1074
1077
1079
1083
1086
1089
1093
1097
1102
1108
1152
1156
1159
1162
1165
1168
1171
1173
1176
1179
1181
1184
1187
1189
1192
1194
1197
1199
1203
1206
1209
1213
1217
1222
1228
1272
1276
1279
1282
1285
1288
1291
1293
1296
1299
1301
1304
1307
1309
1312
1314
1317
1319
1323
1326
1329
1333
1337
1342
1348
1392
1396
1399
1402
1405
1408
1411
1413
1416
1419
1421
1424
1427
1429
1432
1434
1437
1439
1443
1446
1449
1453
1457
1462
1468
1512
1516
1519
1522
1525
1528
1531
1533
1536
1539
1541
1544
1547
1549
1552
1554
1557
1559
1563
1566
1569
1573
1577
1582
1588
1632
1636
1639
1642
1645
1648
1651
1653
1656
1659
1661
1664
1667
1669
1672
1674
1677
1679
1683
1686
1689
1693
1697
1702
1708
1752
1756
1759
1762
1765
1768
1771
1773
1776
1779
1781
1784
1787
1789
1792
1794
1797
1799
1803
1806
1809
1813
1817
1822
1828
1872
1876
1879
1882
1885
1888
1891
1893
1896
1899
1901
1904
1907
1909
1912
1914
1917
1919
1923
1926
1929
1933
1937
1942
1948
1992
1996
1999
2002
2005
2008
2011
2013
2016
2019
2021
2024
2027
2029
2032
2034
2037
2039
2043
2046
2049
2053
2057
2062
2068
2112
2116
2119
2122
2125
2128
2131
2133
2136
2139
2141
2144
2147
2149
2152
2154
2157
