1431
1561
1323
1100
990
903
818
722
591
102
876
1106
1218
1279
1315
1338
1353
1364
1373
1379
1384
1388
1392
1395
1397
1399
1401
919
1424
1184
972
851
740
602
81
794
1081
1207
1272
1310
1334
1350
1361
1370
1377
1382
1386
1390
1393
1395
1398
1399
917
1424
1182
971
851
739
602
81
794
1081
1207
1272
1309
1333
1349
1361
1369
1376
1381
1385
1389
1392
1395
1397
1399
922
1423
1179
970
850
739
601
81
794
1081
1207
1271
1308
1332
1348
1360
1369
1375
1381
1385
1389
1392
1394
1396
1398
925
1422
1176
969
850
739
601
81
794
1081
1207
1271
1308
1332
1348
1360
1368
1375
1380
1385
1388
1391
1394
1396
1398
927
1422
1175
968
849
738
601
81
794
1081
1207
1271
1308
1332
1348
1359
1368
1375
1380
1384
1388
1391
1394
1396
1398
929
1422
1174
968
849
738
601
82
794
1081
1207
1271
1308
1331
1348
1359
1368
1375
1380
1384
1388
1391
1394
1396
1398
930
1421
1173
967
849
738
601
82
794
1081
1207
1271
1308
1331
1347
1359
1368
1374
1380
1384
1388
1391
1394
1396
1398
931
1421
1173
967
849
738
601
82
794
1081
1207
1271
1308
1331
1347
1359
1368
1374
1380
1384
1388
1391
1393
1396
1398
931
1421
1172
967
849
738
601
82
794
1081
1207
1271
1307
1331
1347
1359
1368
1374
1380
1384
1388
1391
1393
1396
1398
931
1421
1172
967
849
738
601
82
794
1081
1207
1271
1307
1331
1347
1359
1368
1374
1380
1384
1388
1391
1393
1396
1398
932
1421
1172
967
849
738
601
82
794
1081
1207
1271
1307
1331
1347
1359
1367
1374
1380
1384
1388
1391
1393
1396
1398
932
1421
1172
967
849
738
600
82
794
1081
1207
1270
1307
1331
1347
1359
1367
1374
1380
1384
1388
1391
1393
1396
1398
932
1421
1172
967
848
738
600
82
794
1081
1207
1270
1307
1331
1347
1359
1367
1374
1380
1384
1388
1391
1393
1396
1398
932
1421
1172
967
848
738
600
82
794
1081
1207
1270
1307
1331
1347
1359
1367
1374
1380
1384
1388
1391
1393
1396
1398
932
1421
1171
967
848
738
600
82
794
1081
1207
1270
1307
1331
1347
1359
1367
1374
1380
1384
1388
1391
1393
1396
1398
932
1421
1171
967
848
738
600
82
794
1081
1207
1270
1307
1331
1347
1359
1367
1374
1380
1384
1388
1391
1393
1396
