1431
1563
1602
1499
1442
1411
1390
1375
1365
1357
1350
1345
1341
1338
1335
1333
1331
1330
1328
1327
1326
656
1450
1575
1604
1499
1443
1399
1353
1319
1293
1270
1251
1233
1217
1202
1188
1174
1161
1147
1134
1121
963
1390
1232
1120
1071
1038
1012
989
966
942
917
891
861
828
789
745
702
655
614
637
700
764
815
853
879
896
907
914
916
988
952
902
885
871
857
840
820
797
768
734
692
639
572
519
458
558
677
761
817
854
878
894
903
907
917
974
906
886
871
857
840
820
796
768
734
692
639
572
517
455
555
675
760
816
853
878
894
903
907
916
974
906
886
871
857
840
820
796
768
734
692
639
572
517
455
555
675
760
816
853
878
894
903
907
916
974
906
886
871
857
840
820
796
768
734
692
639
572
517
455
555
675
760
816
853
878
894
903
907
916
974
906
886
871
857
840
820
796
768
734
692
639
572
517
455
555
675
760
816
853
878
894
903
907
916
974
906
886
871
857
840
820
796
768
734
692
639
572
517
455
555
675
760
816
853
878
894
903
907
916
974
906
886
871
857
840
820
796
768
734
692
639
572
517
455
555
675
760
816
853
878
894
903
907
916
974
906
886
871
857
840
820
796
768
734
692
639
572
517
455
555
675
760
816
853
878
894
903
907
916
974
906
886
871
857
840
820
796
768
734
692
639
572
517
455
555
675
760
816
853
878
894
903
907
916
974
906
886
871
857
840
820
796
768
734
692
639
572
517
455
555
675
760
816
853
878
894
903
907
916
974
906
886
871
857
840
820
796
768
734
692
639
572
517
455
555
675
760
816
853
878
894
903
907
916
974
906
886
871
857
840
820
796
768
734
692
639
572
517
455
555
675
760
816
853
878
894
903
907
916
974
906
886
871
857
840
820
796
768
734
692
639
572
517
455
555
675
760
816
853
878
894
903
907
916
974
906
886
871
857
840
820
796
768
734
692
639
572
517
455
555
675
760
816
853
878
894
903
907
916
974
906
886
871
857
840
820
796
768
734
692
639
572
517
455
555
675
760
816
853
878
894
903
