126
128
130
133
135
138
140
143
146
148
151
154
156
159
162
164
167
170
173
175
178
183
186
188
190
193
195
198
201
203
206
209
212
215
218
221
224
227
230
233
236
239
243
246
249
252
255
259
262
266
270
273
277
281
286
290
294
299
304
310
316
321
327
331
336
340
344
348
352
356
360
363
367
371
375
379
384
388
392
397
401
406
412
417
423
430
438
445
450
455
459
463
467
472
475
479
483
487
491
495
499
503
508
512
517
521
526
531
537
543
550
558
565
570
575
579
583
587
592
595
599
603
607
611
615
619
623
628
632
637
641
646
651
657
663
670
678
685
690
695
699
703
707
712
715
719
723
727
731
735
739
743
748
752
757
761
766
771
777
783
790
798
805
810
815
819
823
827
832
835
839
843
847
851
855
859
863
868
872
877
881
886
891
897
903
910
918
925
930
935
939
943
947
952
955
959
963
967
971
975
979
983
988
992
997
1001
1006
1011
1017
1023
1030
1038
1045
1050
1055
1059
1063
1067
1072
1075
1079
1083
1087
1091
1095
1099
1103
1108
1112
1117
1121
1126
1131
1137
1143
1150
1158
1165
1170
1175
1179
1183
1187
1192
1195
1199
1203
1207
1211
1215
1219
1223
1228
1232
1237
1241
1246
1251
1257
1263
1270
1278
1285
1290
1295
1299
1303
1307
1312
1315
1319
1323
1327
1331
1335
1339
1343
1348
1352
1357
1361
1366
1371
1377
1383
1390
1398
1405
1410
1415
1419
1423
1427
1432
1435
1439
1443
1447
1451
1455
1459
1463
1468
1472
1477
1481
1486
1491
1497
1503
1510
1518
1525
1530
1535
1539
1543
1547
1552
1555
1559
1563
1567
1571
1575
1579
1583
1588
1592
1597
1601
1606
1611
1617
1623
1630
1638
1645
1650
1655
1659
1663
1667
1672
1675
1679
1683
1687
1691
1695
1699
1703
1708
1712
1717
1721
1726
1731
1737
1743
1750
1758
1765
1770
1775
1779
1783
1787
1792
1795
1799
1803
1807
1811
1815
1819
1823
1828
1832
1837
1841
1846
1851
1857
1863
1870
1878
1885
1890
1895
1899
1903
1907
1912
1915
1919
1923
1927
1931
1935
1939
1943
1948
1952
1957
1961
1966
1971
1977
1983
1990
1998
2005
2010
2015
2019
2023
2027
2032
2035
2039
2043
2047
2051
2055
2059
2063
2068
2072
2077
2081
2086
2091
2097
2103
2110
2118
2125
2130
2135
2139
2143
2147
2152
2155
